ParName   Value   Gradient
log_rec_dev(1932)  -0.00758567  3.85962e-10
log_rec_dev(1933)   -0.0085066  3.55871e-07
log_rec_dev(1934)   -0.0095379 -9.00537e-08
log_rec_dev(1935)     -0.01069 -3.61591e-07
log_rec_dev(1936)   -0.0119145 -3.31943e-07
log_rec_dev(1937)   -0.0132841 -4.62687e-07
log_rec_dev(1938)    -0.014829  2.59563e-07
log_rec_dev(1939)   -0.0165536  2.56653e-07
log_rec_dev(1940)   -0.0184379  3.86721e-08
log_rec_dev(1941)   -0.0205194 -2.15183e-08
log_rec_dev(1942)   -0.0228306 -2.90165e-07
log_rec_dev(1943)   -0.0253504 -3.64294e-07
log_rec_dev(1944)    -0.028104 -2.24902e-07
log_rec_dev(1945)   -0.0311045  1.76305e-08
log_rec_dev(1946)   -0.0343474  2.88205e-07
log_rec_dev(1947)   -0.0378053  1.06611e-07
log_rec_dev(1948)   -0.0414533  6.48929e-07
log_rec_dev(1949)   -0.0452313  3.89472e-07
log_rec_dev(1950)   -0.0490136  4.56716e-07
log_rec_dev(1951)   -0.0526497  7.98307e-07
log_rec_dev(1952)   -0.0559323  1.73394e-08
log_rec_dev(1953)   -0.0584279  4.40079e-07
log_rec_dev(1954)   -0.0594323  7.10245e-07
log_rec_dev(1955)   -0.0577496  9.33641e-07
log_rec_dev(1956)   -0.0520529  1.71602e-07
log_rec_dev(1957)   -0.0400947  1.10514e-06
log_rec_dev(1958)   -0.0191707  1.35318e-06
log_rec_dev(1959)    0.0136962  8.24201e-07
log_rec_dev(1960)    0.0612082  7.66271e-07
log_rec_dev(1961)      0.12246  1.06823e-06
log_rec_dev(1962)     0.191453  9.70484e-07
log_rec_dev(1963)     0.254225  9.97375e-07
log_rec_dev(1964)     0.291113  7.76587e-07
log_rec_dev(1965)     0.304118   1.1829e-06
log_rec_dev(1966)     0.255887  5.05182e-07
log_rec_dev(1967)     0.170422  3.07172e-07
log_rec_dev(1968)     0.072826   9.8356e-07
log_rec_dev(1969)   -0.0196883  5.98736e-07
log_rec_dev(1970)    -0.110823  6.29534e-07
log_rec_dev(1971)    -0.198922   6.3228e-07
log_rec_dev(1972)    -0.274732  7.45216e-07
log_rec_dev(1973)    -0.330097  1.05713e-06
log_rec_dev(1974)    -0.341504  1.06963e-06
log_rec_dev(1975)     -1.08877  4.51101e-08
log_rec_dev(1976)    -0.937487  6.64017e-07
log_rec_dev(1977)    -0.893142  7.43548e-07
log_rec_dev(1978)    -0.634516  1.00255e-06
log_rec_dev(1979)      1.14042  4.84551e-06
log_rec_dev(1980)     0.552878  1.54633e-06
log_rec_dev(1981)   -0.0712349  -5.7202e-08
log_rec_dev(1982)      1.08202 -1.04691e-06
log_rec_dev(1983)     0.604762  -1.3322e-06
log_rec_dev(1984)    -0.382659 -2.22147e-07
log_rec_dev(1985)    -0.221668  -3.9976e-07
log_rec_dev(1986)      0.35421 -1.01112e-06
log_rec_dev(1987)    -0.546399 -7.47758e-07
log_rec_dev(1988)    -0.848303 -3.06493e-07
log_rec_dev(1989)    -0.667853 -5.46243e-08
log_rec_dev(1990)    -0.122211 -1.25493e-06
log_rec_dev(1991)     0.531312 -2.61674e-07
log_rec_dev(1992)    -0.639171  7.67897e-07
log_rec_dev(1993)     0.605733  2.27443e-06
log_rec_dev(1994)    -0.708478  3.82437e-07
log_rec_dev(1995)    -0.617994  4.78764e-07
log_rec_dev(1996)    -0.102259 -9.38697e-07
log_rec_dev(1997)     0.395863 -1.35198e-06
log_rec_dev(1998)    -0.391498   -6.071e-07
log_rec_dev(1999)     0.982553 -2.93479e-06
log_rec_dev(2000)     0.156998 -1.04435e-06
log_rec_dev(2001)     0.122549 -1.29947e-06
log_rec_dev(2002)      1.14205 -2.63698e-06
log_rec_dev(2003)   -0.0456487  -7.7005e-07
log_rec_dev(2004)     -0.33704 -4.76059e-07
log_rec_dev(2005)    -0.135485 -6.74619e-08
log_rec_dev(2006)    -0.618977 -1.80686e-07
log_rec_dev(2007)    -0.268724 -4.36511e-07
log_rec_dev(2008)    -0.348371 -5.25015e-07
log_rec_dev(2009)     0.137665 -1.11704e-06
log_rec_dev(2010)     0.438942 -1.80766e-06
log_rec_dev(2011)    -0.322841 -6.75742e-07
log_rec_dev(2012)    -0.182805 -9.24402e-07
log_rec_dev(2013)     -1.13547 -4.39224e-07
log_rec_dev(2014)    -0.608399 -8.12017e-07
log_rec_dev(2015)    0.0237396 -6.44588e-07
log_rec_dev(2016)      1.27564 -9.51474e-07
log_rec_dev(2017)     0.435842 -9.32803e-08
log_rec_dev(2018)      1.92928 -4.03824e-07
log_rec_dev(2019)       1.9112 -8.90777e-07
log_rec_dev(2020)     0.965941 -3.15458e-07
log_rec_dev(2021)      1.45575 -1.72212e-07
log_rec_dev(2022)     0.118887 -3.34485e-07
log_rec_dev(2023)    0.0656447   4.8837e-09
log_mean_rec       3.2628  2.70642e-06
log_sigr     0.124111  3.91336e-06
logm      -2.1767 -1.30656e-06
log_avg_F_fish1     -3.00625  7.35941e-06
log_F_devs_fish1(1960)     -2.02553  2.46432e-07
log_F_devs_fish1(1961)    -0.368614  5.17281e-07
log_F_devs_fish1(1962)     0.156075  2.56472e-07
log_F_devs_fish1(1963)     -0.73193  3.55324e-07
log_F_devs_fish1(1964)     -1.89647  2.99169e-07
log_F_devs_fish1(1965)     -3.20413   3.7111e-07
log_F_devs_fish1(1966)     -1.77672  5.97557e-07
log_F_devs_fish1(1967)     -1.75273   5.2856e-07
log_F_devs_fish1(1968)    -0.693315  3.72475e-07
log_F_devs_fish1(1969)    -0.350694  3.29963e-07
log_F_devs_fish1(1970)    0.0738645  1.30829e-07
log_F_devs_fish1(1971)     0.137224 -1.55859e-07
log_F_devs_fish1(1972)     0.431967 -3.27315e-07
log_F_devs_fish1(1973)      0.31013 -2.62451e-07
log_F_devs_fish1(1974)     0.481688 -2.92173e-07
log_F_devs_fish1(1975)      0.46987  -2.6005e-07
log_F_devs_fish1(1976)     0.643573 -1.22547e-07
log_F_devs_fish1(1977)     0.419829  5.52777e-08
log_F_devs_fish1(1978)    -0.269082 -1.79227e-07
log_F_devs_fish1(1979)    -0.138223 -2.45164e-07
log_F_devs_fish1(1980)    -0.360373  2.55739e-07
log_F_devs_fish1(1981)    -0.122272   5.1934e-07
log_F_devs_fish1(1982)    -0.249212  6.62525e-07
log_F_devs_fish1(1983)    -0.335548  5.01948e-07
log_F_devs_fish1(1984)    -0.395398   5.4053e-07
log_F_devs_fish1(1985)     -0.23052  2.91784e-07
log_F_devs_fish1(1986)     0.215084  2.49291e-07
log_F_devs_fish1(1987)     0.453115  3.47771e-07
log_F_devs_fish1(1988)     0.555309  3.99631e-07
log_F_devs_fish1(1989)     0.569388  5.16747e-08
log_F_devs_fish1(1990)     0.553811  2.77744e-07
log_F_devs_fish1(1991)     0.499091  3.84483e-07
log_F_devs_fish1(1992)     0.440946  3.18341e-07
log_F_devs_fish1(1993)     0.575462  4.08978e-07
log_F_devs_fish1(1994)     0.550929  3.56667e-07
log_F_devs_fish1(1995)     0.371854  1.20677e-07
log_F_devs_fish1(1996)     0.265514  1.89853e-08
log_F_devs_fish1(1997)     0.180579  1.96504e-07
log_F_devs_fish1(1998)     0.202471  1.27702e-07
log_F_devs_fish1(1999)     0.196761  8.61242e-08
log_F_devs_fish1(2000)     0.383972 -5.08914e-08
log_F_devs_fish1(2001)     0.300559 -2.37942e-07
log_F_devs_fish1(2002)     0.301407  6.85307e-08
log_F_devs_fish1(2003)     0.409064 -1.61593e-07
log_F_devs_fish1(2004)     0.471459  -1.7419e-09
log_F_devs_fish1(2005)     0.371825 -1.12955e-07
log_F_devs_fish1(2006)     0.313078 -3.72836e-08
log_F_devs_fish1(2007)     0.359638   1.0238e-07
log_F_devs_fish1(2008)     0.306167  3.53745e-08
log_F_devs_fish1(2009)     0.247045   7.6293e-08
log_F_devs_fish1(2010)     0.209306  -2.1076e-08
log_F_devs_fish1(2011)      0.33243  1.97135e-07
log_F_devs_fish1(2012)     0.429623 -2.55284e-07
log_F_devs_fish1(2013)     0.431692  9.60861e-08
log_F_devs_fish1(2014)     0.274454  -1.6166e-07
log_F_devs_fish1(2015)     0.251624 -1.05037e-07
log_F_devs_fish1(2016)    0.0422806 -4.53763e-07
log_F_devs_fish1(2017)    0.0873917  1.16917e-07
log_F_devs_fish1(2018)   -0.0183929 -4.41181e-07
log_F_devs_fish1(2019)    -0.165753 -1.76479e-07
log_F_devs_fish1(2020)    -0.433709 -3.31091e-07
log_F_devs_fish1(2021)    -0.292208 -1.36906e-07
log_F_devs_fish1(2022)    -0.164927  1.40132e-08
log_F_devs_fish1(2023)    -0.351473 -1.69531e-07
log_F_devs_fish1(2024)    -0.559558 -1.85339e-08
log_avg_F_fish3      -4.4871  9.67648e-07
log_F_devs_fish3(1963)     0.222581  3.88956e-07
log_F_devs_fish3(1964)    -0.247803  3.26497e-07
log_F_devs_fish3(1965)     0.388017  3.52596e-07
log_F_devs_fish3(1966)     0.777303  2.13813e-07
log_F_devs_fish3(1967)      1.02611  2.11298e-07
log_F_devs_fish3(1968)      1.29058  1.73674e-07
log_F_devs_fish3(1969)      1.39741 -6.12917e-09
log_F_devs_fish3(1970)      1.09721  5.15349e-08
log_F_devs_fish3(1971)      1.46627 -5.35572e-08
log_F_devs_fish3(1972)      1.72426  2.10875e-07
log_F_devs_fish3(1973)      1.23054  -3.9825e-08
log_F_devs_fish3(1974)     0.893768  1.10745e-07
log_F_devs_fish3(1975)     0.650143  1.22307e-07
log_F_devs_fish3(1976)     0.691907   1.6073e-07
log_F_devs_fish3(1977)    -0.148413 -1.67771e-07
log_F_devs_fish3(1978)    -0.824996 -1.79473e-07
log_F_devs_fish3(1979)    -0.674435  5.78388e-08
log_F_devs_fish3(1980)    -0.502009  9.93711e-08
log_F_devs_fish3(1981)    -0.827575 -4.89194e-08
log_F_devs_fish3(1982)    -0.840187 -1.69636e-08
log_F_devs_fish3(1983)     -1.07208 -3.38849e-08
log_F_devs_fish3(1984)    -0.284808  1.58048e-07
log_F_devs_fish3(1985)      -1.2416 -2.35367e-08
log_F_devs_fish3(1986)     0.337259  -1.0995e-07
log_F_devs_fish3(1987)     0.426507  1.42334e-07
log_F_devs_fish3(1988)     0.693546  3.59883e-07
log_F_devs_fish3(1989)     0.588197  1.73486e-07
log_F_devs_fish3(1990)      0.25722  2.70851e-07
log_F_devs_fish3(1991)   -0.0668221 -3.40105e-08
log_F_devs_fish3(1992)   -0.0447106  1.01488e-07
log_F_devs_fish3(1993)    -0.129022  4.20279e-08
log_F_devs_fish3(1994)    0.0950295  1.28674e-07
log_F_devs_fish3(1995)    0.0446522   2.2744e-07
log_F_devs_fish3(1996)   -0.0683112  -3.8857e-08
log_F_devs_fish3(1997)    -0.319534  1.55857e-07
log_F_devs_fish3(1998)    -0.376681 -7.63756e-08
log_F_devs_fish3(1999)    -0.109267   4.8634e-08
log_F_devs_fish3(2000)     -0.11649  1.00186e-07
log_F_devs_fish3(2001)    -0.265575 -2.90203e-08
log_F_devs_fish3(2002)    -0.106125 -7.05633e-08
log_F_devs_fish3(2003)    -0.239124 -1.90125e-07
log_F_devs_fish3(2004)    -0.476296 -2.50126e-07
log_F_devs_fish3(2005)    -0.535437 -1.96555e-07
log_F_devs_fish3(2006)    -0.729097 -2.23243e-07
log_F_devs_fish3(2007)    -0.693984 -2.82168e-07
log_F_devs_fish3(2008)    -0.734402 -8.81711e-08
log_F_devs_fish3(2009)    -0.748928  5.13144e-08
log_F_devs_fish3(2010)     -0.77987  5.15404e-08
log_F_devs_fish3(2011)    -0.598267  -6.8059e-08
log_F_devs_fish3(2012)    -0.639162  1.37273e-07
log_F_devs_fish3(2013)    -0.657587  1.87589e-07
log_F_devs_fish3(2014)    -0.617903   4.6551e-08
log_F_devs_fish3(2015)    -0.517436 -6.83264e-08
log_F_devs_fish3(2016)    -0.373052 -1.91429e-07
log_F_devs_fish3(2017)    0.0839827  7.48548e-08
log_F_devs_fish3(2018)     0.384711 -3.13977e-07
log_F_devs_fish3(2019)     0.427642 -2.03264e-07
log_F_devs_fish3(2020)     0.591236 -3.01796e-07
log_F_devs_fish3(2021)   -0.0384471 -4.43958e-07
log_F_devs_fish3(2022)   -0.0576742 -2.42916e-07
log_F_devs_fish3(2023)   -0.0849013 -2.79362e-07
log_F_devs_fish3(2024)    0.0019098 -2.41816e-07
log_q_srv1      1.86374 -3.04892e-06
log_q_srv2      1.53328  2.74472e-06
log_q_srv6       1.5692 -1.41243e-07
log_q_srv7    -0.163542  8.21667e-07
log_q_srv8     -6.53099 -1.70331e-06
log_q_LL_fish_recent     -7.28735 -8.81058e-07
log_a50_fish1_f      1.39608   -9.374e-07
log_delta_fish1_f    -0.620507 -5.80356e-07
log_a50_fish1_m      1.89203 -1.53334e-06
log_a50_fish3_f      1.73555  3.72666e-07
log_delta_fish3_f       2.3041  1.26381e-07
log_a50_fish3_m      2.06523  3.70603e-07
log_a50_fish4_f       1.2152  5.93169e-07
log_delta_fish4_f     0.564556  3.94896e-07
log_a50_fish4_m      1.48318 -3.33169e-07
log_delta_fish4_m   -0.0746201  -2.2388e-07
log_a50_fish5_f     0.650525 -2.41392e-07
log_delta_fish5_f     0.861488 -1.66683e-07
log_a50_fish5_m     0.798171 -1.17942e-07
log_delta_fish5_m     0.222745 -6.66418e-08
log_a50_srv1_f      1.09527 -5.47638e-07
log_delta_srv1_f     0.929524 -1.16728e-07
log_a50_srv1_m      0.97641 -2.50595e-07
log_delta_srv1_m     0.882162  1.55951e-08
log_a50_srv7_f    -0.401027 -3.57323e-08
log_a50_srv7_m     -1.34222 -2.89925e-07
log_a50_srv10_f     0.661585  1.61257e-07
log_a50_srv10_m     0.570469  7.17106e-08
