ParName   Value   Gradient
log_rec_dev(1932)  -0.00758569 -3.32012e-06
log_rec_dev(1933)  -0.00850662 -3.38597e-06
log_rec_dev(1934)  -0.00953792 -3.40103e-06
log_rec_dev(1935)     -0.01069  -3.3238e-06
log_rec_dev(1936)   -0.0119145 -3.19412e-06
log_rec_dev(1937)   -0.0132841 -3.01318e-06
log_rec_dev(1938)    -0.014829 -2.77692e-06
log_rec_dev(1939)   -0.0165536 -2.54997e-06
log_rec_dev(1940)   -0.0184379 -2.42146e-06
log_rec_dev(1941)   -0.0205194 -2.45692e-06
log_rec_dev(1942)   -0.0228306 -2.84975e-06
log_rec_dev(1943)   -0.0253504 -3.83781e-06
log_rec_dev(1944)    -0.028104 -5.49942e-06
log_rec_dev(1945)   -0.0311046 -7.83536e-06
log_rec_dev(1946)   -0.0343475 -1.05736e-05
log_rec_dev(1947)   -0.0378054 -1.30939e-05
log_rec_dev(1948)   -0.0414534 -1.45875e-05
log_rec_dev(1949)   -0.0452314 -1.41983e-05
log_rec_dev(1950)   -0.0490137 -1.20157e-05
log_rec_dev(1951)   -0.0526497 -7.27211e-06
log_rec_dev(1952)   -0.0559323 -1.39617e-06
log_rec_dev(1953)   -0.0584278  4.24229e-06
log_rec_dev(1954)   -0.0594323  7.49704e-06
log_rec_dev(1955)   -0.0577496  7.23889e-06
log_rec_dev(1956)   -0.0520529  4.96473e-06
log_rec_dev(1957)   -0.0400947  7.94213e-06
log_rec_dev(1958)   -0.0191707  1.20366e-05
log_rec_dev(1959)    0.0136963  2.01562e-05
log_rec_dev(1960)    0.0612082  8.95593e-06
log_rec_dev(1961)      0.12246  1.59883e-05
log_rec_dev(1962)     0.191453 -2.86143e-06
log_rec_dev(1963)     0.254225 -1.89356e-06
log_rec_dev(1964)     0.291113 -1.08008e-05
log_rec_dev(1965)     0.304118  1.37524e-05
log_rec_dev(1966)     0.255887 -8.22555e-06
log_rec_dev(1967)     0.170422  1.70453e-05
log_rec_dev(1968)    0.0728259 -9.97011e-06
log_rec_dev(1969)   -0.0196885 -2.69714e-05
log_rec_dev(1970)    -0.110823 -2.53022e-06
log_rec_dev(1971)    -0.198922 -1.54834e-05
log_rec_dev(1972)    -0.274732  2.93762e-05
log_rec_dev(1973)    -0.330096  2.15282e-05
log_rec_dev(1974)    -0.341504  -1.1655e-05
log_rec_dev(1975)     -1.08877  1.07486e-06
log_rec_dev(1976)    -0.937486  1.80192e-05
log_rec_dev(1977)    -0.893142  6.75048e-06
log_rec_dev(1978)    -0.634516  1.32462e-05
log_rec_dev(1979)      1.14042 -1.65901e-05
log_rec_dev(1980)     0.552878  -6.9394e-06
log_rec_dev(1981)   -0.0712347   1.2401e-05
log_rec_dev(1982)      1.08202  3.63255e-05
log_rec_dev(1983)     0.604762 -2.72712e-06
log_rec_dev(1984)     -0.38266 -1.50918e-05
log_rec_dev(1985)    -0.221668 -1.76082e-05
log_rec_dev(1986)      0.35421 -1.16352e-05
log_rec_dev(1987)    -0.546399  6.30028e-06
log_rec_dev(1988)    -0.848303  1.16571e-05
log_rec_dev(1989)    -0.667853  2.42669e-05
log_rec_dev(1990)    -0.122211 -2.77419e-08
log_rec_dev(1991)     0.531311 -1.49838e-05
log_rec_dev(1992)    -0.639171  2.27657e-06
log_rec_dev(1993)     0.605733  2.94617e-05
log_rec_dev(1994)    -0.708479 -3.51263e-05
log_rec_dev(1995)    -0.617994  -4.0011e-05
log_rec_dev(1996)    -0.102259 -4.52908e-05
log_rec_dev(1997)     0.395863  2.97767e-05
log_rec_dev(1998)    -0.391497  3.25447e-05
log_rec_dev(1999)     0.982554  1.96172e-05
log_rec_dev(2000)     0.156998 -5.99613e-05
log_rec_dev(2001)     0.122549 -2.32905e-05
log_rec_dev(2002)      1.14205  2.26222e-05
log_rec_dev(2003)   -0.0456488  1.79296e-07
log_rec_dev(2004)     -0.33704 -8.33596e-06
log_rec_dev(2005)    -0.135485 -1.65496e-05
log_rec_dev(2006)    -0.618978  -7.5071e-06
log_rec_dev(2007)    -0.268724  3.47942e-05
log_rec_dev(2008)    -0.348372 -2.01886e-05
log_rec_dev(2009)     0.137665  2.18314e-06
log_rec_dev(2010)     0.438942 -1.16687e-05
log_rec_dev(2011)    -0.322842 -1.97957e-05
log_rec_dev(2012)    -0.182805  2.45323e-05
log_rec_dev(2013)     -1.13547  2.72952e-05
log_rec_dev(2014)      -0.6084 -1.58142e-05
log_rec_dev(2015)    0.0237398  8.88434e-06
log_rec_dev(2016)      1.27564  9.30973e-06
log_rec_dev(2017)     0.435842 -1.30296e-05
log_rec_dev(2018)      1.92928  1.61808e-05
log_rec_dev(2019)       1.9112 -1.57305e-05
log_rec_dev(2020)     0.965941  3.20021e-05
log_rec_dev(2021)      1.45575  1.08426e-05
log_rec_dev(2022)     0.118887 -3.21424e-05
log_rec_dev(2023)    0.0656443  -4.4719e-05
log_mean_rec       3.2628 -1.06332e-06
log_sigr     0.124111  3.62834e-06
log_mF50      -2.7725 -3.65786e-07
log_mF40      -2.4497  9.65943e-07
log_mF35     -2.28739 -5.94469e-07
logm      -2.1767 -2.40838e-06
log_avg_F_fish1     -3.00625  -3.0703e-07
log_F_devs_fish1(1960)     -2.02553 -2.67795e-05
log_F_devs_fish1(1961)    -0.368614  6.90663e-05
log_F_devs_fish1(1962)     0.156075 -3.40438e-06
log_F_devs_fish1(1963)    -0.731929  6.59499e-06
log_F_devs_fish1(1964)     -1.89647 -5.61903e-05
log_F_devs_fish1(1965)     -3.20413  3.78497e-06
log_F_devs_fish1(1966)     -1.77672  9.35373e-05
log_F_devs_fish1(1967)     -1.75273 -7.11035e-05
log_F_devs_fish1(1968)    -0.693315 -4.81605e-06
log_F_devs_fish1(1969)    -0.350694 -0.000102802
log_F_devs_fish1(1970)    0.0738644 -1.72195e-05
log_F_devs_fish1(1971)     0.137224  8.27654e-06
log_F_devs_fish1(1972)     0.431967 -3.00225e-05
log_F_devs_fish1(1973)      0.31013 -1.85853e-05
log_F_devs_fish1(1974)     0.481688 -7.42484e-06
log_F_devs_fish1(1975)      0.46987  1.62184e-05
log_F_devs_fish1(1976)     0.643573 -2.77455e-05
log_F_devs_fish1(1977)     0.419829  3.28086e-05
log_F_devs_fish1(1978)    -0.269083 -6.48147e-05
log_F_devs_fish1(1979)    -0.138223  9.61744e-06
log_F_devs_fish1(1980)    -0.360373  1.94488e-05
log_F_devs_fish1(1981)    -0.122272 -4.13043e-05
log_F_devs_fish1(1982)    -0.249212  7.05515e-05
log_F_devs_fish1(1983)    -0.335549 -1.27154e-05
log_F_devs_fish1(1984)    -0.395398  2.45353e-06
log_F_devs_fish1(1985)     -0.23052 -6.06747e-06
log_F_devs_fish1(1986)     0.215084  2.65516e-05
log_F_devs_fish1(1987)     0.453116  0.000108787
log_F_devs_fish1(1988)     0.555309 -1.50867e-05
log_F_devs_fish1(1989)     0.569388  -4.4664e-05
log_F_devs_fish1(1990)     0.553811 -6.89626e-06
log_F_devs_fish1(1991)     0.499091  9.60077e-06
log_F_devs_fish1(1992)     0.440946  5.87909e-06
log_F_devs_fish1(1993)     0.575462  8.63804e-06
log_F_devs_fish1(1994)     0.550929  8.02295e-06
log_F_devs_fish1(1995)     0.371854 -3.22795e-07
log_F_devs_fish1(1996)     0.265514 -8.39708e-06
log_F_devs_fish1(1997)     0.180579 -1.11235e-05
log_F_devs_fish1(1998)     0.202471 -2.87993e-06
log_F_devs_fish1(1999)     0.196761  9.66069e-06
log_F_devs_fish1(2000)     0.383972  4.13681e-05
log_F_devs_fish1(2001)     0.300559  8.97483e-06
log_F_devs_fish1(2002)     0.301407  9.20977e-05
log_F_devs_fish1(2003)     0.409064 -1.78437e-05
log_F_devs_fish1(2004)     0.471459 -4.94188e-06
log_F_devs_fish1(2005)     0.371825 -3.15174e-05
log_F_devs_fish1(2006)     0.313078  4.69786e-05
log_F_devs_fish1(2007)     0.359638  -4.1197e-05
log_F_devs_fish1(2008)     0.306167 -2.03704e-05
log_F_devs_fish1(2009)     0.247045 -1.03731e-05
log_F_devs_fish1(2010)     0.209306 -7.08164e-05
log_F_devs_fish1(2011)      0.33243 -1.07132e-05
log_F_devs_fish1(2012)     0.429622 -0.000181959
log_F_devs_fish1(2013)     0.431693  7.42678e-05
log_F_devs_fish1(2014)     0.274454  7.59154e-05
log_F_devs_fish1(2015)     0.251624  4.27097e-05
log_F_devs_fish1(2016)    0.0422807  7.32167e-05
log_F_devs_fish1(2017)    0.0873917  2.10983e-05
log_F_devs_fish1(2018)   -0.0183929 -3.54597e-05
log_F_devs_fish1(2019)    -0.165753 -1.36928e-05
log_F_devs_fish1(2020)    -0.433709 -5.29688e-05
log_F_devs_fish1(2021)    -0.292208  1.48537e-05
log_F_devs_fish1(2022)    -0.164927  5.49709e-05
log_F_devs_fish1(2023)    -0.351473   9.0402e-06
log_F_devs_fish1(2024)    -0.559558  1.08997e-05
log_avg_F_fish3      -4.4871 -2.06951e-06
log_F_devs_fish3(1963)     0.222581  5.03815e-05
log_F_devs_fish3(1964)    -0.247803  5.98256e-06
log_F_devs_fish3(1965)     0.388017 -2.36643e-06
log_F_devs_fish3(1966)     0.777303  5.87125e-05
log_F_devs_fish3(1967)      1.02611 -4.05963e-05
log_F_devs_fish3(1968)      1.29058 -3.41334e-05
log_F_devs_fish3(1969)      1.39741  8.84475e-05
log_F_devs_fish3(1970)      1.09721  9.82189e-05
log_F_devs_fish3(1971)      1.46627 -5.03166e-05
log_F_devs_fish3(1972)      1.72426  4.66564e-05
log_F_devs_fish3(1973)      1.23054 -2.20326e-05
log_F_devs_fish3(1974)     0.893768  -4.4335e-05
log_F_devs_fish3(1975)     0.650143  2.81493e-06
log_F_devs_fish3(1976)     0.691907  1.47399e-05
log_F_devs_fish3(1977)    -0.148413  7.63732e-06
log_F_devs_fish3(1978)    -0.824996  2.78444e-05
log_F_devs_fish3(1979)    -0.674435  1.08867e-05
log_F_devs_fish3(1980)    -0.502009 -1.19628e-05
log_F_devs_fish3(1981)    -0.827575  1.14056e-06
log_F_devs_fish3(1982)    -0.840187   6.5287e-06
log_F_devs_fish3(1983)     -1.07208  -1.6374e-06
log_F_devs_fish3(1984)    -0.284808  5.12532e-06
log_F_devs_fish3(1985)      -1.2416  9.06786e-06
log_F_devs_fish3(1986)     0.337259 -2.43562e-05
log_F_devs_fish3(1987)     0.426507 -3.79568e-05
log_F_devs_fish3(1988)     0.693546 -2.45993e-06
log_F_devs_fish3(1989)     0.588197 -2.98021e-05
log_F_devs_fish3(1990)      0.25722 -8.38835e-06
log_F_devs_fish3(1991)   -0.0668221 -2.92295e-05
log_F_devs_fish3(1992)   -0.0447107 -3.85317e-05
log_F_devs_fish3(1993)    -0.129022 -2.18846e-05
log_F_devs_fish3(1994)    0.0950297  7.91187e-05
log_F_devs_fish3(1995)    0.0446522  1.06455e-06
log_F_devs_fish3(1996)   -0.0683112  1.02472e-05
log_F_devs_fish3(1997)    -0.319534 -1.41987e-05
log_F_devs_fish3(1998)    -0.376681 -1.69794e-05
log_F_devs_fish3(1999)    -0.109267 -1.91174e-05
log_F_devs_fish3(2000)     -0.11649 -1.41184e-05
log_F_devs_fish3(2001)    -0.265575 -1.05602e-05
log_F_devs_fish3(2002)    -0.106125   -2.291e-05
log_F_devs_fish3(2003)    -0.239124 -1.05071e-05
log_F_devs_fish3(2004)    -0.476296 -7.88338e-06
log_F_devs_fish3(2005)    -0.535437 -1.06051e-05
log_F_devs_fish3(2006)    -0.729097   6.9449e-06
log_F_devs_fish3(2007)    -0.693984  9.52259e-06
log_F_devs_fish3(2008)    -0.734403 -1.60388e-05
log_F_devs_fish3(2009)    -0.748928  1.57586e-05
log_F_devs_fish3(2010)     -0.77987  -3.3117e-05
log_F_devs_fish3(2011)    -0.598267  3.51985e-05
log_F_devs_fish3(2012)    -0.639162  6.40697e-06
log_F_devs_fish3(2013)    -0.657587 -1.19092e-05
log_F_devs_fish3(2014)    -0.617903  9.47882e-06
log_F_devs_fish3(2015)    -0.517436  1.21926e-05
log_F_devs_fish3(2016)    -0.373052  -1.1064e-05
log_F_devs_fish3(2017)    0.0839827 -2.72721e-06
log_F_devs_fish3(2018)     0.384711  2.21052e-06
log_F_devs_fish3(2019)     0.427642  2.41928e-05
log_F_devs_fish3(2020)     0.591236  4.43813e-06
log_F_devs_fish3(2021)   -0.0384472  4.41382e-06
log_F_devs_fish3(2022)   -0.0576742 -4.23779e-05
log_F_devs_fish3(2023)   -0.0849012  2.94497e-05
log_F_devs_fish3(2024)   0.00190972 -4.84989e-05
log_q_srv1      1.86374  1.15347e-06
log_q_srv2      1.53328 -6.05441e-08
log_q_srv6       1.5692 -3.15615e-06
log_q_srv7    -0.163542 -5.93098e-06
log_q_srv8     -6.53099 -4.13304e-07
log_q_LL_fish_recent     -7.28735 -2.14726e-07
log_a50_fish1_f      1.39608 -1.63288e-05
log_delta_fish1_f    -0.620507 -9.75646e-06
log_a50_fish1_m      1.89203  1.14017e-05
log_a50_fish3_f      1.73555   4.7538e-06
log_delta_fish3_f       2.3041  9.00486e-06
log_a50_fish3_m      2.06523  1.13927e-05
log_a50_fish4_f       1.2152  2.22195e-06
log_delta_fish4_f     0.564556 -1.42992e-05
log_a50_fish4_m      1.48318 -8.84523e-06
log_delta_fish4_m     -0.07462  1.14349e-05
log_a50_fish5_f     0.650525  2.76748e-05
log_delta_fish5_f     0.861488  1.49958e-05
log_a50_fish5_m     0.798171 -1.32843e-05
log_delta_fish5_m     0.222745 -4.15635e-06
log_a50_srv1_f      1.09527  2.74854e-05
log_delta_srv1_f     0.929524   -1.613e-05
log_a50_srv1_m      0.97641 -2.59743e-05
log_delta_srv1_m     0.882162 -2.69333e-05
log_a50_srv7_f    -0.401027  -1.4798e-05
log_a50_srv7_m     -1.34222 -5.53099e-07
log_a50_srv10_f     0.661585  2.77921e-05
log_a50_srv10_m     0.570469    2.184e-05
