#_Random_number_seed
1234
#_Number_of_fisheries
1
#_Number_of_projection_years
14
#_Number_of_simulations
1000
#_Begin_year_of_projection
2024
#_Number_of_ages
30
#_Natural_Mortality 2 3 4 5 6 7 8 9 10 11 12 13 14 15 16 17 18 19 20 21 22 23 24 25 26 27 28 29 30 31
 0.113416 0.113416 0.113416 0.113416 0.113416 0.113416 0.113416 0.113416 0.113416 0.113416 0.113416 0.113416 0.113416 0.113416 0.113416 0.113416 0.113416 0.113416 0.113416 0.113416 0.113416 0.113416 0.113416 0.113416 0.113416 0.113416 0.113416 0.113416 0.113416 0.113416
#_2001_TAC_or_best_estimate_of_catch_2001
16.8278
#_F_ratio(must_sum_to_one_only_one_fishery)
1
#5year_Average_F(endyr-4,endyr_as_estimated_by_ADmodel)
0.0348099
#_Author_F_as_fraction_F_40%
1
#_Spawn_month
1
#_Wt_at_age_spawners 2 3 4 5 6 7 8 9 10 11 12 13 14 15 16 17 18 19 20 21 22 23 24 25 26 27 28 29 30 31
 1.1289 1.5716 2.0231 2.4639 2.8806 3.2653 3.614 3.9258 4.2014 4.4427 4.6527 4.8342 4.9903 5.1242 5.2385 5.336 5.4188 5.4891 5.5486 5.599 5.6416 5.6775 5.7079 5.7335 5.755 5.7732 5.7885 5.8014 5.8122 5.8455
#_Wt_at_age_fishery 2 3 4 5 6 7 8 9 10 11 12 13 14 15 16 17 18 19 20 21 22 23 24 25 26 27 28 29 30 31
 1.1289 1.5716 2.0231 2.4639 2.8806 3.2653 3.614 3.9258 4.2014 4.4427 4.6527 4.8342 4.9903 5.1242 5.2385 5.336 5.4188 5.4891 5.5486 5.599 5.6416 5.6775 5.7079 5.7335 5.755 5.7732 5.7885 5.8014 5.8122 5.8455
#_Maturity_divided_by_2(projection_program_uses_to_get_female_spawning_biomass_if_divide_by_2 2 3 4 5 6 7 8 9 10 11 12 13 14 15 16 17 18 19 20 21 22 23 24 25 26 27 28 29 30 31
 0.0111877 0.0229153 0.04562 0.0864034 0.151035 0.235494 0.320691 0.386695 0.427973 0.449814 0.462571 0.468045 0.465376 0.46026 0.455651 0.452458 0.45081 0.449875 0.448513 0.446397 0.44404 0.441617 0.438752 0.43584 0.433629 0.432055 0.430499 0.428821 0.427547 0.399652
#_Selectivity_fishery_scaled_to_max_at_one 2 3 4 5 6 7 8 9 10 11 12 13 14 15 16 17 18 19 20 21 22 23 24 25 26 27 28 29 30 31
 0.102553 0.549217 0.928521 0.992832 0.999323 0.999936 0.999994 0.999999 1 1 1 1 1 1 1 1 1 1 1 1 1 1 1 1 1 1 1 1 1 1
#_Numbers_at_age_end_year 2 3 4 5 6 7 8 9 10 11 12 13 14 15 16 17 18 19 20 21 22 23 24 25 26 27 28 29 30 31
 26.1227 24.7874 19.4835 54.4441 24.2695 45.3464 39.2045 7.4419 14.5348 3.52556 1.61454 0.826968 1.83818 1.35295 2.4333 1.50637 0.775916 0.705147 0.417259 0.567684 0.388662 0.434745 1.18818 0.356622 0.307068 0.584222 0.123454 0.22694 0.115598 0.741133
#_N_recruitment_years
44
#_Recruitment_start_at_1977_yearclass=1979_for_age_2_recruits 1979 1980 1981 1982 1983 1984 1985 1986 1987 1988 1989 1990 1991 1992 1993 1994 1995 1996 1997 1998 1999 2000 2001 2002 2003 2004 2005 2006 2007 2008 2009 2010 2011 2012 2013 2014 2015 2016 2017 2018 2019 2020 2021 2022
 81.7137 45.4077 22.8165 67.8062 39.4607 13.788 15.191 25.3427 9.65808 6.69796 7.52452 12.1791 23.4119 7.26277 25.2207 6.77645 7.41821 12.4245 20.4462 9.30391 36.7628 16.1018 15.5565 43.1196 13.1482 9.82463 12.0185 7.41092 10.5193 9.71393 15.7935 21.3462 9.96512 11.463 4.42142 7.48973 14.0929 49.2828 21.2801 94.7468 93.0497 42.44 81.2974 25.065
