#Species name here:
GOA_SABLE
#SSL Species?
0
#Constant buffer of Dorn?
0
#Number of fisheries?
2
#Number of sexes?
2
#5year_Average_F(endyr-4,endyr_as_estimated_by_ADmodel)
0.0474877
#_Author_F_as_fraction_F_40%
1
#ABC SPR
0.4
#MSY SPR
0.35
#_Spawn_month
1
#_Number_of_ages
30
#_F_ratio(must_sum_to_one_only_one_fishery)
0.714916 0.285084
#_Natural_Mortality 2 3 4 5 6 7 8 9 10 11 12 13 14 15 16 17 18 19 20 21 22 23 24 25 26 27 28 29 30 31
 0.113416 0.113416 0.113416 0.113416 0.113416 0.113416 0.113416 0.113416 0.113416 0.113416 0.113416 0.113416 0.113416 0.113416 0.113416 0.113416 0.113416 0.113416 0.113416 0.113416 0.113416 0.113416 0.113416 0.113416 0.113416 0.113416 0.113416 0.113416 0.113416 0.113416
#_Natural_Mortality 2 3 4 5 6 7 8 9 10 11 12 13 14 15 16 17 18 19 20 21 22 23 24 25 26 27 28 29 30 31
 0.113416 0.113416 0.113416 0.113416 0.113416 0.113416 0.113416 0.113416 0.113416 0.113416 0.113416 0.113416 0.113416 0.113416 0.113416 0.113416 0.113416 0.113416 0.113416 0.113416 0.113416 0.113416 0.113416 0.113416 0.113416 0.113416 0.113416 0.113416 0.113416 0.113416
#_Maturity_divided_by_2(projection_program_uses_to_get_female_spawning_biomass_if_divide_by_2 2 3 4 5 6 7 8 9 10 11 12 13 14 15 16 17 18 19 20 21 22 23 24 25 26 27 28 29 30 31
 0.0223754 0.0460186 0.0922865 0.176468 0.311118 0.48767 0.667353 0.808734 0.89911 0.949451 0.975362 0.988157 0.994346 0.997309 0.998721 0.999393 0.999712 0.999863 0.999935 0.999969 0.999985 0.999993 0.999997 0.999998 0.999999 1 1 1 1 1
#_Wt_at_age_spawners 2 3 4 5 6 7 8 9 10 11 12 13 14 15 16 17 18 19 20 21 22 23 24 25 26 27 28 29 30 31
 1.1289 1.5716 2.0231 2.4639 2.8806 3.2653 3.614 3.9258 4.2014 4.4427 4.6527 4.8342 4.9903 5.1242 5.2385 5.336 5.4188 5.4891 5.5486 5.599 5.6416 5.6775 5.7079 5.7335 5.755 5.7732 5.7885 5.8014 5.8122 5.8455
#_Wt_at_age_fishery1 female 2 3 4 5 6 7 8 9 10 11 12 13 14 15 16 17 18 19 20 21 22 23 24 25 26 27 28 29 30 31
 1.1289 1.5716 2.0231 2.4639 2.8806 3.2653 3.614 3.9258 4.2014 4.4427 4.6527 4.8342 4.9903 5.1242 5.2385 5.336 5.4188 5.4891 5.5486 5.599 5.6416 5.6775 5.7079 5.7335 5.755 5.7732 5.7885 5.8014 5.8122 5.8455
#_Wt_at_age_fishery2 female 2 3 4 5 6 7 8 9 10 11 12 13 14 15 16 17 18 19 20 21 22 23 24 25 26 27 28 29 30 31
 1.1289 1.5716 2.0231 2.4639 2.8806 3.2653 3.614 3.9258 4.2014 4.4427 4.6527 4.8342 4.9903 5.1242 5.2385 5.336 5.4188 5.4891 5.5486 5.599 5.6416 5.6775 5.7079 5.7335 5.755 5.7732 5.7885 5.8014 5.8122 5.8455
#_Wt_at_age_spawners1 male 2 3 4 5 6 7 8 9 10 11 12 13 14 15 16 17 18 19 20 21 22 23 24 25 26 27 28 29 30 31
 1.0695 1.4409 1.7768 2.0663 2.3077 2.5044 2.6622 2.7872 2.8854 2.962 3.0214 3.0674 3.1029 3.1302 3.1511 3.1672 3.1796 3.189 3.1963 3.2018 3.2061 3.2093 3.2118 3.2137 3.2152 3.2163 3.2171 3.2178 3.2183 3.2193
#_Wt_at_age_fishery2 male 2 3 4 5 6 7 8 9 10 11 12 13 14 15 16 17 18 19 20 21 22 23 24 25 26 27 28 29 30 31
 1.0695 1.4409 1.7768 2.0663 2.3077 2.5044 2.6622 2.7872 2.8854 2.962 3.0214 3.0674 3.1029 3.1302 3.1511 3.1672 3.1796 3.189 3.1963 3.2018 3.2061 3.2093 3.2118 3.2137 3.2152 3.2163 3.2171 3.2178 3.2183 3.2193
#_Selectivity_fishery_scaled_to_max_at_one 2 3 4 5 6 7 8 9 10 11 12 13 14 15 16 17 18 19 20 21 22 23 24 25 26 27 28 29 30 31
 0.102553 0.549217 0.928521 0.992832 0.999323 0.999936 0.999994 0.999999 1 1 1 1 1 1 1 1 1 1 1 1 1 1 1 1 1 1 1 1 1 1
 0.505725 0.744791 0.884253 0.961183 0.995503 1 0.983545 0.952536 0.911687 0.864509 0.813624 0.760989 0.708055 0.65588 0.605227 0.556626 0.510429 0.466852 0.426009 0.387931 0.352596 0.319935 0.289849 0.262221 0.236918 0.2138 0.192724 0.173547 0.156129 0.140334
#_Selectivity_fishery_scaled_to_max_at_one 2 3 4 5 6 7 8 9 10 11 12 13 14 15 16 17 18 19 20 21 22 23 24 25 26 27 28 29 30 31
 0.178545 0.431255 0.725671 0.902232 0.969874 0.991175 0.997454 0.999269 0.99979 0.99994 0.999983 0.999995 0.999999 1 1 1 1 1 1 1 1 1 1 1 1 1 1 1 1 1
 0.25198 0.485083 0.669544 0.806468 0.901531 0.961328 0.992233 1 0.989639 0.965416 0.930903 0.88905 0.842263 0.792481 0.741244 0.689757 0.638948 0.589513 0.541963 0.496652 0.453814 0.413583 0.376019 0.341119 0.308837 0.279093 0.251782 0.226783 0.203965 0.183191
#_Numbers_at_age_end_year 2 3 4 5 6 7 8 9 10 11 12 13 14 15 16 17 18 19 20 21 22 23 24 25 26 27 28 29 30 31
 13.0614 12.3431 9.63128 26.6573 11.7818 21.8976 18.8394 3.55833 6.91849 1.67028 0.765703 0.391697 0.860312 0.624386 1.11016 0.681983 0.349892 0.317271 0.187158 0.25342 0.172584 0.191992 0.521319 0.15543 0.133154 0.252416 0.0531467 0.0973168 0.0494234 0.296196
 13.0614 12.4443 9.85222 27.7868 12.4877 23.4488 20.3651 3.88356 7.61627 1.85528 0.848833 0.435271 0.977872 0.728559 1.32314 0.824388 0.426025 0.387876 0.230101 0.314263 0.216078 0.242753 0.666863 0.201192 0.173914 0.331806 0.070307 0.129624 0.0661742 0.444938
#_N_recruitment_years
44
#_Recruitment_start_at_1977_yearclass=1979_for_age_2_recruits 1979 1980 1981 1982 1983 1984 1985 1986 1987 1988 1989 1990 1991 1992 1993 1994 1995 1996 1997 1998 1999 2000 2001 2002 2003 2004 2005 2006 2007 2008 2009 2010 2011 2012 2013 2014 2015 2016 2017 2018 2019 2020 2021 2022
 81.7137 45.4077 22.8165 67.8062 39.4607 13.788 15.191 25.3427 9.65808 6.69796 7.52452 12.1791 23.4119 7.26277 25.2207 6.77645 7.41821 12.4245 20.4462 9.30391 36.7628 16.1018 15.5565 43.1196 13.1482 9.82463 12.0185 7.41092 10.5193 9.71393 15.7935 21.3462 9.96512 11.463 4.42142 7.48973 14.0929 49.2828 21.2801 94.7468 93.0497 42.44 81.2974 25.065
#_Spawners per recruitment (starting at 1977)
 150.245 141.081 138.003 134.58 133.703 136.003 144.569 159.277 176.906 194.173 202.581 202.586 194.492 182.133 168.433 154.789 141.902 128.814 118.01 110.54 105.358 101.458 98.0103 94.9147 91.9023 91.5322 92.767 94.8268 97.3354 100.432 103.106 103.588 102.196 99.4474 96.0528 92.0083 88.1592 85.2622 83.7837 82.6065 81.9732 82.1755 85.3864
