SABLE        # stock  
AK       # region     (AI AK BOG BSAI EBS GOA SEO WCWYK)
2024       # ASSESS_YEAR - year assessment is presented to the SSC
3a         # TIER  (1a 1b 2a 2b 3a 3b 4 5 6) 
none       # TIER2  if mixed (none 1a 1b 2a 2b 3a 3b 4 5 6)
Update       # UPDATE (new benchmark full partial)
!!!!REPLACE WITH LOW 2.5% SSB FROM MCMC     # Minimum B  Lower 95% confidence interval for spawning biomass (kt) in assessment year
!!!!REPLACE WITH high 97.5% SSB FROM MCMC     # Maximum B  Upper 95% confidence interval for spawning biomass (kt) in assessment year
!!!!Replace with B35 from SUmmary Table     # BMSY (kt)  is equilibrium spawning biomass at MSY (Tiers 1-2) or 7/8 x B40% (Tier 3)
Custom AMAK       # MODEL - Required only if NMFS toolbox software used; optional otherwise 
NA         # VERSION - Required only if NMFS toolbox software used; optional otherwise
2          # number of sexes  if 1 sex=ALL elseif 2 sex=(FEMALE, MALE) 
2          # number of fisheries
1000000          # multiplier for recruitment, N at age, and survey number (1,1000,1000000)
2          # recruitment age used by model or size
2          # age+ or mmCW+ used for biomass estimate
"Single age"        # Fishing mortality type such as "Single age" or "exploitation rate"
"Age model"         # Fishing mortality source such as "Model" or "(total catch (t))/(survey biomass (t))"
"Age of maximum F"  # Fishing mortality range such as "Age of maximum F"
#FISHERYDESC -list of fisheries (ALL TWL LGL POT FIX FOR DOM TWLJAN LGLMAY POTAUG ...)
FIX TWL
#FISHERYYEAR - list years used in the model 
 1960 1961 1962 1963 1964 1965 1966 1967 1968 1969 1970 1971 1972 1973 1974 1975 1976 1977 1978 1979 1980 1981 1982 1983 1984 1985 1986 1987 1988 1989 1990 1991 1992 1993 1994 1995 1996 1997 1998 1999 2000 2001 2002 2003 2004 2005 2006 2007 2008 2009 2010 2011 2012 2013 2014 2015 2016 2017 2018 2019 2020 2021 2022 2023 2024
#AGE - list of ages used in the model
 2 3 4 5 6 7 8 9 10 11 12 13 14 15 16 17 18 19 20 21 22 23 24 25 26 27 28 29 30 31
#RECRUITMENT - Number of recruits by year 
 27.7716 29.5258 31.6348 33.6842 34.95 35.4075 33.7402 30.9764 28.0961 25.6134 23.3824 21.4105 19.8474 18.7784 18.5654 8.79373 10.2299 10.6938 13.8501 81.7137 45.4077 22.8165 67.8062 39.4607 13.788 15.191 25.3427 9.65808 6.69796 7.52452 12.1791 23.4119 7.26277 25.2207 6.77645 7.41821 12.4245 20.4462 9.30391 36.7628 16.1018 15.5565 43.1196 13.1482 9.82463 12.0185 7.41092 10.5193 9.71393 15.7935 21.3462 9.96512 11.463 4.42142 7.48973 14.0929 49.2828 21.2801 94.7468 93.0497 42.44 81.2974 25.065 27.895 26.1227
#SPAWNBIOMASS - Spawning biomass by year in kilo tons 
 277.644 277.234 270.338 258.858 254.533 256.074 258.695 259.48 259.77 254.953 247.028 236.821 223.239 203.85 190.222 176.329 164.033 150.245 141.081 138.003 134.58 133.703 136.003 144.569 159.277 176.906 194.173 202.581 202.586 194.492 182.133 168.433 154.789 141.902 128.814 118.01 110.54 105.358 101.458 98.0103 94.9147 91.9023 91.5322 92.767 94.8268 97.3354 100.432 103.106 103.588 102.196 99.4474 96.0528 92.0083 88.1592 85.2622 83.7837 82.6065 81.9732 82.1755 85.3864 93.6282 109.277 131.833 159.16 189.344
#TOTALBIOMASS - Total biomass by year in kilo tons 
 685.144 690.816 686.828 676.863 680.222 695.338 707.764 709.915 704.377 683.061 652.736 618.986 577.676 526.2 492.109 450.758 414.767 377.456 355.36 420.946 462.964 485.354 550.683 592.445 603.367 603.574 607.054 575.877 530.178 478.621 434.488 409.451 376.268 365.929 339.242 314.235 297.169 292.918 281.91 301.162 304.225 303.948 334.543 337.25 331.15 322.712 308.206 295.711 281.232 274.694 277.412 271.442 264.995 249.609 236.003 231.572 267.958 284.264 378.785 486.728 547.561 641.959 674.976 691.636 698.215
#TOTFSHRYMORT - Fishing mortality rate by year 
 0.00652719 0.0342229 0.0578343 0.0378392 0.0161991 0.0185764 0.0328241 0.0399352 0.0655895 0.0803031 0.0869419 0.105456 0.139245 0.105941 0.107567 0.100686 0.11662 0.0849787 0.04273 0.0488157 0.0413096 0.0486955 0.0434145 0.0392207 0.0417724 0.0425381 0.0770977 0.0950556 0.108701 0.107675 0.10062 0.0920128 0.0876442 0.0978469 0.098196 0.0835154 0.0750205 0.0674345 0.0682928 0.0703122 0.0826411 0.0754425 0.076989 0.0833323 0.0862592 0.0783403 0.0730875 0.0765063 0.0725928 0.0686572 0.0661493 0.0751675 0.0819617 0.082011 0.0711614 0.0703323 0.0593538 0.0662198 0.0650885 0.0591573 0.0523674 0.0477559 0.0525641 0.0451393 0.0395354
#TOTALCATCH - Total catch by year in kilo tons 
 3.11411 16.1499 26.4915 16.9281 7.30997 8.66147 15.489 19.0297 30.6879 36.3955 37.4758 43.2516 52.839 36.9858 34.9487 30.4093 32.5432 21.9749 10.557 12.1566 10.6281 12.8331 12.325 12.0466 14.4377 14.9874 29.3413 35.6602 39.2325 36.1795 31.1309 26.3253 23.1335 23.9224 22.1614 19.4079 16.661 14.3324 13.8612 13.9069 16.1713 14.8778 15.8788 17.7152 18.8702 17.8167 16.7667 17.151 15.5982 14.0452 12.9583 14.2114 15.1599 14.9349 12.6577 12.099 11.3093 13.5671 15.5494 17.84 20.0092 22.1997 27.7585 25.7119 23.1709
#MATURITY - Maturity ratio by age (females only)
 0.0223754 0.0460186 0.0922865 0.176468 0.311118 0.48767 0.667353 0.808734 0.89911 0.949451 0.975362 0.988157 0.994346 0.997309 0.998721 0.999393 0.999712 0.999863 0.999935 0.999969 0.999985 0.999993 0.999997 0.999998 0.999999 1 1 1 1 1
#SPAWNWT - Average spawning weight (in kg) by age
 0.0252595 0.0723229 0.186705 0.434799 0.896207 1.59239 2.41181 3.17493 3.77752 4.21813 4.53807 4.77695 4.96208 5.11041 5.2318 5.33276 5.41724 5.48835 5.54824 5.59883 5.64152 5.67746 5.70788 5.73349 5.755 5.7732 5.7885 5.8014 5.8122 5.8455
#NATMORT - Natural mortality rate for females then males
0.113416  0.113416  0.113416  0.113416  0.113416  0.113416  0.113416  0.113416  0.113416  0.113416  0.113416  0.113416  0.113416  0.113416  0.113416  0.113416  0.113416  0.113416  0.113416  0.113416  0.113416  0.113416  0.113416  0.113416  0.113416  0.113416  0.113416  0.113416  0.113416  0.113416  
0.113416  0.113416  0.113416  0.113416  0.113416  0.113416  0.113416  0.113416  0.113416  0.113416  0.113416  0.113416  0.113416  0.113416  0.113416  0.113416  0.113416  0.113416  0.113416  0.113416  0.113416  0.113416  0.113416  0.113416  0.113416  0.113416  0.113416  0.113416  0.113416  0.113416  
#N_AT_AGE - Estimated numbers of female (first) then male (second) fish at age 
 13.8858 11.8071 10.1762 8.86378 7.77992 6.86533 6.08037 5.39983 4.80371 4.27795 3.81201 3.39795 3.02927 2.70049 2.40708 2.14518 1.91136 1.70264 1.51637 1.3502 1.20197 1.06981 0.952029 0.847063 0.753539 0.670244 0.596113 0.530117 0.471376 3.77997   14.7629 12.3837 10.5239 9.06359 7.88789 6.91742 6.09963 5.39907 4.79281 4.26256 3.79538 3.38165 3.01415 2.68701 2.39533 2.13505 1.90273 1.69533 1.51019 1.34498 1.19759 1.06612 0.948891 0.844423 0.751321 0.668367 0.594487 0.528735 0.470199 3.77082   15.8174 13.1066 10.9616 9.27927 7.95594 6.8928 6.02097 5.29296 4.67498 4.14417 3.6824 3.27704 2.91886 2.60115 2.31857 2.06675 1.8421 1.64162 1.46266 1.30292 1.16038 1.03322 0.919787 0.818651 0.72852 0.648197 0.57663 0.51289 0.456162 3.65891   16.8421 13.9887 11.5331 9.58254 8.05067 6.85021 5.89541 5.1232 4.4874 3.95401 3.4998 3.10699 2.76345 2.4606 2.19236 1.95397 1.74162 1.55226 1.38329 1.23248 1.09787 0.977751 0.870603 0.775024 0.689805 0.61386 0.546178 0.485874 0.432166 3.46741   17.475 14.872 12.2855 10.0818 8.34162 6.98285 5.92497 5.08947 4.41814 3.86826 3.40862 3.01807 2.68071 2.38575 2.12569 1.89521 1.69024 1.50751 1.34441 1.19875 1.06862 0.952381 0.848569 0.755896 0.673171 0.599364 0.533549 0.474863 0.422547 3.39281   17.7037 15.5134 13.1664 10.8541 8.89248 7.34821 6.14575 5.21198 4.47616 3.88593 3.40303 2.99966 2.65701 2.361 2.10214 1.87379 1.67133 1.49117 1.33046 1.18694 1.05869 0.944063 0.841611 0.75007 0.668316 0.595308 0.530146 0.472019 0.420171 3.37686   16.8701 15.6685 13.6733 11.5753 9.52778 7.79934 6.44294 5.38912 4.57208 3.92893 3.41335 2.9916 2.63925 2.3398 2.08091 1.8543 1.65421 1.4766 1.31838 1.17709 1.05077 0.937789 0.836702 0.746273 0.665407 0.593129 0.528537 0.470848 0.419356 3.37516   15.4882 14.8559 13.7073 11.9098 10.0524 8.25823 6.75283 5.57651 4.66548 3.96074 3.40678 2.96301 2.60005 2.29667 2.03863 1.81528 1.61951 1.44638 1.29245 1.15511 1.03228 0.922304 0.82379 0.735532 0.65648 0.585706 0.522381 0.465733 0.415094 3.34777   14.048 13.5909 12.929 11.8658 10.2734 8.65215 7.09986 5.80418 4.79518 4.01552 3.41325 2.94015 2.56118 2.25106 1.99161 1.77062 1.57903 1.41077 1.26167 1.12884 1.0101 0.903687 0.808235 0.722586 0.64573 0.576787 0.514978 0.459603 0.41001 3.31592   12.8067 12.2358 11.6974 11.0335 10.0618 8.671 7.28047 5.9651 4.8751 4.03022 3.37928 2.87728 2.48322 2.16753 1.90899 1.69238 1.50754 1.34693 1.20554 1.07992 0.967732 0.867181 0.776863 0.69566 0.622643 0.556993 0.497994 0.445011 0.397472 3.22638   11.6912 11.1103 10.4685 9.90535 9.26817 8.40013 7.20856 6.03827 4.94346 4.04183 3.34551 2.81011 2.3976 2.07381 1.81426 1.60143 1.4228 1.27004 1.13697 1.0195 0.914848 0.821122 0.736897 0.661051 0.592697 0.531098 0.475599 0.42563 0.380678 3.10441   10.7053 10.1726 9.54523 8.89775 8.33898 7.7391 6.97028 5.95645 4.97795 4.07203 3.33002 2.75873 2.32017 1.98252 1.7175 1.50495 1.3305 1.18389 1.05831 0.948717 0.85178 0.765252 0.687607 0.617701 0.554639 0.497712 0.446331 0.399974 0.358182 2.93593   9.9237 9.23891 8.63475 7.99577 7.37056 6.84484 6.30965 5.65864 4.82565 4.03148 3.30052 2.70337 2.24412 1.89164 1.62016 1.40689 1.23562 1.09481 0.976216 0.874394 0.785294 0.706267 0.635529 0.571882 0.514433 0.462483 0.415482 0.372973 0.334547 2.7595   9.38921 8.47558 7.72126 7.09161 6.47019 5.89199 5.42235 4.96963 4.44426 3.78786 3.16763 2.5985 2.13389 1.77654 1.50205 1.29041 1.12388 0.989894 0.879473 0.786215 0.705895 0.635375 0.572611 0.516237 0.465346 0.419267 0.377476 0.339566 0.305192 2.53679   9.28271 8.13091 7.2299 6.50125 5.9011 5.32937 4.81469 4.40709 4.02684 3.59676 3.06573 2.56603 2.1079 1.73388 1.4461 1.22489 1.05418 0.919738 0.811424 0.722034 0.646411 0.58116 0.523757 0.472564 0.426493 0.384823 0.347026 0.31269 0.281493 2.35881   4.39687 8.06689 6.97087 6.11886 5.43331 4.87543 4.36207 3.9145 3.56815 3.25316 2.90344 2.47509 2.07308 1.70467 1.40384 1.17228 0.994193 0.856681 0.748295 0.660901 0.588702 0.527552 0.474723 0.428186 0.386628 0.349177 0.315261 0.284461 0.25645 2.1673   5.11497 3.83306 6.94828 5.93274 5.14541 4.51823 4.0171 3.57008 3.18999 2.9008 2.64198 2.35759 2.01054 1.68515 1.38688 1.14319 0.955543 0.811145 0.699585 0.611602 0.540609 0.481915 0.43216 0.389135 0.351196 0.317283 0.286692 0.258963 0.233759 1.9931   5.34689 4.4461 3.28691 5.87653 4.94761 4.23489 3.67819 3.24405 2.86802 2.55507 2.32023 2.11247 1.88562 1.6091 1.34984 1.11198 0.917499 0.767643 0.652253 0.563051 0.492653 0.43581 0.388777 0.348873 0.314334 0.283849 0.256572 0.231944 0.209601 1.80366   6.92503 4.69223 3.86725 2.83084 5.00777 4.17322 3.54104 3.05543 2.68287 2.36546 2.1042 1.90946 1.73813 1.55161 1.32442 1.11141 0.915911 0.756023 0.632789 0.537874 0.464481 0.406544 0.359749 0.321018 0.288145 0.259682 0.23455 0.212054 0.191734 1.66475   40.8568 6.1292 4.13446 3.39064 2.46877 4.34486 3.60496 3.0488 2.62485 2.30166 2.02784 1.80323 1.63618 1.48944 1.32979 1.13527 0.952873 0.785421 0.648443 0.542849 0.461509 0.398604 0.34894 0.308821 0.27561 0.247418 0.223003 0.201442 0.182138 1.59483   22.7039 36.1157 5.39026 3.6154 2.94698 2.13318 3.73556 3.08781 2.60483 2.23915 1.96179 1.72772 1.53619 1.39397 1.26915 1.13334 0.967782 0.812482 0.669858 0.553157 0.463179 0.393854 0.340234 0.297893 0.263685 0.235362 0.211315 0.190485 0.172087 1.5183   11.4082 20.0864 31.8044 4.72377 3.15244 2.55737 1.84376 3.21916 2.65575 2.23778 1.92252 1.68404 1.48316 1.31896 1.19713 1.09024 0.973864 0.831844 0.698556 0.576086 0.475843 0.398535 0.338961 0.292874 0.256475 0.227062 0.202704 0.18202 0.1641 1.45655   33.9031 10.0874 17.6725 27.8245 4.10748 2.72494 2.1994 1.57962 2.75081 2.26572 1.90741 1.63797 1.43456 1.26345 1.1237 1.02008 0.929171 0.830151 0.709228 0.595701 0.491352 0.405923 0.340028 0.289242 0.249949 0.218912 0.193828 0.173054 0.15541 1.38393   19.7304 30.0043 8.88711 15.4912 24.2583 3.56232 2.35275 1.89261 1.35619 2.35843 1.94104 1.63348 1.40258 1.22845 1.08206 0.962541 0.873946 0.796219 0.711507 0.607981 0.510752 0.421355 0.34815 0.291677 0.248145 0.214461 0.187852 0.166344 0.148529 1.3214   6.89398 17.4794 26.4751 7.80618 13.5401 21.1018 3.08613 2.03194 1.63111 1.16728 2.02843 1.66883 1.40422 1.20573 1.05613 0.930391 0.827743 0.751671 0.684924 0.612145 0.523151 0.439546 0.362657 0.299685 0.251099 0.213645 0.18466 0.161762 0.143252 1.26602   7.59548 6.0953 15.3784 23.1777 6.79978 11.7395 18.2247 2.65781 1.74673 1.40071 1.00194 1.74093 1.43248 1.20566 1.03558 0.907418 0.799685 0.71172 0.646541 0.589329 0.526874 0.45041 0.378534 0.312397 0.258212 0.216396 0.184154 0.159199 0.13948 1.21548   12.6714 6.72667 5.37547 13.4959 20.231 5.90402 10.1468 15.6979 2.28389 1.49875 1.20081 0.858556 1.49149 1.22718 1.0329 0.887272 0.777554 0.685324 0.610015 0.554218 0.505236 0.451743 0.386223 0.324622 0.267928 0.221474 0.185622 0.157976 0.136576 1.16254   4.82904 11.1111 5.84493 4.62828 11.5131 17.1106 4.95786 8.47635 13.0695 1.89788 1.24439 0.996847 0.712899 1.23906 1.02011 0.8592 0.738573 0.647687 0.571239 0.508787 0.462523 0.421877 0.377403 0.322818 0.271447 0.224129 0.185337 0.155386 0.132283 1.08837   3.34898 4.21992 9.60438 4.99589 3.91068 9.62317 14.173 4.0794 6.94413 10.6801 1.54904 1.0153 0.813466 0.582029 1.01225 0.833979 0.702953 0.604711 0.53068 0.468363 0.417428 0.3797 0.346526 0.310155 0.265422 0.223282 0.184433 0.152567 0.127954 1.0057   3.76226 2.91478 3.62576 8.1462 4.1826 3.23462 7.88006 11.521 3.30046 5.60335 8.60784 1.2482 0.818417 0.656186 0.469913 0.818053 0.674654 0.569218 0.49013 0.430513 0.38028 0.339191 0.30876 0.281974 0.252535 0.216235 0.181999 0.150404 0.124471 0.925541   6.08955 3.27754 2.50781 3.08004 6.8307 3.46463 2.65227 6.41325 9.33094 2.66562 4.51961 6.94054 1.00667 0.660431 0.529922 0.379816 0.661792 0.546263 0.461283 0.397513 0.349426 0.308873 0.275681 0.251099 0.229444 0.205594 0.176124 0.148302 0.122605 0.856478   11.7059 5.32149 2.83289 2.14217 2.59858 5.6952 2.85998 2.17315 5.22872 7.58501 2.1635 3.66596 5.62934 0.816723 0.536069 0.43038 0.308658 0.538137 0.444461 0.375534 0.323793 0.284768 0.251838 0.224873 0.204904 0.187301 0.167888 0.143867 0.121174 0.800349   3.63139 10.258 4.61864 2.43253 1.81844 2.18156 4.7363 2.36161 1.78588 4.28431 6.20495 1.76852 2.99603 4.60106 0.667722 0.438434 0.352141 0.252656 0.440687 0.364124 0.307775 0.265467 0.233552 0.206609 0.184539 0.168197 0.153785 0.137876 0.118173 0.757191   12.6104 3.18423 8.91186 3.97174 2.06916 1.53067 1.82003 3.92504 1.94831 1.46931 3.51962 5.09403 1.45165 2.45956 3.77835 0.548544 0.360337 0.289544 0.207835 0.362661 0.299774 0.253478 0.21871 0.192477 0.170323 0.152171 0.13873 0.126871 0.11377 0.722557   3.38823 11.0424 2.76049 7.6387 3.3628 1.73117 1.26766 1.49575 3.20891 1.5877 1.19518 2.86042 4.13865 1.17943 1.99877 3.0715 0.446092 0.293153 0.235653 0.169217 0.295382 0.244245 0.206591 0.178306 0.156963 0.138931 0.124153 0.113209 0.103552 0.682819   3.70911 2.96426 9.5604 2.36277 6.45895 2.8103 1.43242 1.0411 1.22229 2.61427 1.29136 0.971392 2.32445 3.36374 0.958941 1.62586 2.49971 0.363234 0.238822 0.192072 0.137986 0.240969 0.199332 0.168664 0.145622 0.12823 0.113532 0.101482 0.0925587 0.643175   6.21227 3.2882 2.60791 8.24203 1.97624 5.32524 2.30956 1.17674 0.855498 1.00485 2.15039 1.06285 0.799997 1.91551 2.77366 0.79119 1.34221 2.06472 0.30018 0.19746 0.158878 0.114186 0.199483 0.165073 0.139721 0.120669 0.106286 0.0941265 0.084155 0.610341   10.2231 5.5114 2.89734 2.25636 6.93968 1.64261 4.41342 1.91344 0.975145 0.709229 0.833452 1.78455 0.882522 0.664634 1.59227 2.30683 0.658363 1.11742 1.71971 0.250127 0.164601 0.132488 0.0952524 0.166459 0.137785 0.116655 0.100773 0.0887813 0.0786399 0.580421   4.65196 9.08115 4.86683 2.51648 1.91163 5.81034 1.37165 3.68413 1.59753 0.814407 0.59255 0.696626 1.49223 0.738276 0.556238 1.33313 1.93217 0.551645 0.936621 1.44195 0.209792 0.138098 0.111185 0.0799562 0.13976 0.115709 0.0979828 0.084657 0.074595 0.553892   18.3814 4.13319 8.02093 4.22687 2.13082 1.59927 4.84777 1.144 3.07317 1.333 0.679799 0.494805 0.581949 1.24709 0.617243 0.465231 1.11543 1.61723 0.461881 0.784461 1.20805 0.17581 0.115757 0.0932202 0.0670514 0.117226 0.0970698 0.0822127 0.0710421 0.527539   8.05089 16.3122 3.64432 6.9525 3.5719 1.77904 1.33163 4.03521 0.952469 2.55966 1.11079 0.566767 0.412751 0.485703 1.04139 0.515694 0.388881 0.932812 1.35305 0.386589 0.656837 1.01187 0.147308 0.0970208 0.0781532 0.0562284 0.0983266 0.0814376 0.0689864 0.502441   7.77827 7.1435 14.3689 3.14569 5.82109 2.94763 1.46334 1.09487 3.31845 0.783591 2.10681 0.914736 0.466978 0.34026 0.400608 0.85937 0.425767 0.321216 0.77084 1.11856 0.319715 0.543406 0.837401 0.121946 0.0803385 0.0647315 0.0465827 0.0814764 0.0674946 0.473741   21.5598 6.90705 6.302 12.4428 2.64884 4.83688 2.44194 1.21182 0.906835 2.74946 0.649497 1.74704 0.758875 0.387587 0.282539 0.332795 0.7142 0.353984 0.267161 0.641346 0.930959 0.266174 0.452532 0.697544 0.101603 0.0669514 0.0539558 0.0388353 0.0679368 0.451416   6.57409 19.1305 6.08662 5.44997 10.4621 2.1976 4.00089 2.01913 1.00222 0.750284 2.27589 0.537902 1.44764 0.629159 0.321505 0.234487 0.276332 0.593304 0.294193 0.222127 0.533443 0.774606 0.221544 0.376769 0.580923 0.084638 0.0557853 0.0449666 0.0323715 0.433047   4.91232 5.83639 16.8634 5.25587 4.56181 8.62843 1.80641 3.28721 1.65924 0.823866 0.617021 1.87249 0.442767 1.19216 0.518366 0.265008 0.193365 0.227964 0.489643 0.24288 0.183445 0.440686 0.6401 0.183123 0.311504 0.480402 0.0700069 0.0461504 0.0372066 0.38521   6.00925 4.36489 5.14986 14.5619 4.3914 3.75223 7.07211 1.47982 2.69317 1.35976 0.675383 0.505997 1.53613 0.363365 0.978725 0.425711 0.217713 0.158907 0.187398 0.402626 0.19977 0.150922 0.362638 0.526846 0.150751 0.256484 0.395613 0.0576594 0.0380157 0.348037   3.70546 5.34128 3.85499 4.46006 12.2405 3.63929 3.09966 5.83943 1.22201 2.22454 1.12349 0.558218 0.418362 1.27052 0.300641 0.810047 0.352455 0.180304 0.13164 0.155284 0.333713 0.165616 0.125146 0.300763 0.437032 0.125073 0.212828 0.328321 0.0478579 0.320494   5.25963 3.29571 4.72298 3.34674 3.76478 10.1952 3.02208 2.57279 4.84723 1.01458 1.8474 0.933281 0.463841 0.34773 1.05632 0.250023 0.67384 0.293264 0.15006 0.109583 0.129292 0.277907 0.137945 0.104254 0.25059 0.364177 0.104236 0.177391 0.273683 0.307103   4.85696 4.67733 2.91301 4.09506 2.81765 3.12556 8.43747 2.49986 2.12837 4.01077 0.83972 1.52945 0.772882 0.384237 0.288137 0.875542 0.20729 0.558816 0.243264 0.124503 0.0909397 0.107317 0.230715 0.11454 0.0865781 0.208134 0.302516 0.0865972 0.147389 0.482628   7.89674 4.31997 4.13614 2.52942 3.45799 2.34795 2.59674 7.00677 2.07612 1.76796 3.33245 0.697893 1.27149 0.642709 0.319612 0.239741 0.728673 0.172561 0.465302 0.2026 0.103713 0.0757682 0.0894289 0.19229 0.0954774 0.0721793 0.173541 0.252264 0.0722199 0.525502   10.6731 7.02435 3.82156 3.59648 2.14227 2.8923 1.95832 2.16491 5.84201 1.73135 1.47473 2.78048 0.582461 1.06148 0.536705 0.266969 0.200305 0.608961 0.144245 0.389033 0.169426 0.0867468 0.0633846 0.0748245 0.160911 0.0799078 0.0604163 0.145275 0.211198 0.500502   4.98256 9.49511 6.21588 3.32609 3.05186 1.79609 2.41834 1.63674 1.80955 4.88402 1.44779 1.23352 2.32633 0.487457 0.888583 0.449402 0.223599 0.167804 0.510268 0.120893 0.326116 0.142051 0.0727431 0.0531605 0.062764 0.134993 0.0670447 0.0506964 0.121915 0.597347   5.73152 4.42979 8.39032 5.39031 2.80275 2.53683 1.4884 2.00314 1.35586 1.49937 4.048 1.20034 1.02303 1.92999 0.404538 0.737661 0.373185 0.18573 0.139423 0.424071 0.100495 0.27115 0.118132 0.0605058 0.044225 0.0522225 0.112336 0.0557995 0.0421982 0.598806   2.21071 5.09576 3.91283 7.26001 4.51929 2.31486 2.08815 1.22452 1.64813 1.11582 1.23426 3.33326 0.988709 0.842923 1.5907 0.333522 0.608342 0.307847 0.153251 0.11507 0.350077 0.0829774 0.223929 0.0975767 0.0499857 0.0365412 0.0431551 0.0928427 0.046122 0.529934   3.74486 1.96559 4.50137 3.38585 6.08678 3.73244 1.90535 1.71785 1.00745 1.35626 0.918468 1.01626 2.74537 0.81458 0.694681 1.31134 0.275026 0.50178 0.253986 0.126469 0.0949808 0.28902 0.0685184 0.184941 0.0806008 0.0412955 0.0301924 0.0356616 0.07673 0.476171   7.04646 3.32981 1.7376 3.90913 2.86178 5.07882 3.10532 1.58455 1.42876 0.838101 1.1286 0.764529 0.8462 2.2867 0.678701 0.57898 1.09325 0.229351 0.418558 0.211914 0.105544 0.0792828 0.2413 0.0572156 0.154459 0.0673266 0.0344994 0.0252268 0.0297999 0.462107   24.6414 6.26359 2.94253 1.50889 3.30569 2.38968 4.22893 2.58464 1.31902 1.18964 0.698056 0.940333 0.637219 0.70554 1.90726 0.566274 0.483229 0.912734 0.191537 0.349643 0.177068 0.0882096 0.0662761 0.201754 0.0478477 0.129191 0.0563214 0.0288642 0.0211089 0.4117   10.6401 21.7977 5.40446 2.48702 1.27033 2.78137 2.01052 3.55839 2.17534 1.11049 1.00193 0.588144 0.792597 0.537325 0.595176 1.60954 0.478062 0.408099 0.771088 0.161863 0.295562 0.149721 0.0746052 0.0560675 0.170714 0.0404942 0.109356 0.047682 0.0244402 0.366565   47.3734 9.38856 18.7207 4.53972 2.07988 1.06155 2.32405 1.68028 2.97503 1.81962 0.929435 0.8391 0.492876 0.664642 0.450868 0.49972 1.3522 0.401854 0.343227 0.648838 0.136265 0.248927 0.126148 0.0628818 0.047273 0.143981 0.0341627 0.0922814 0.0402464 0.330161   46.5248 41.7338 8.06149 15.7448 3.80132 1.74005 0.888012 1.94465 1.40669 2.4923 1.52556 0.779888 0.7047 0.414294 0.559155 0.379627 0.421098 1.14033 0.339132 0.289851 0.54828 0.115213 0.210584 0.10677 0.0532467 0.0400463 0.122017 0.0289613 0.0782561 0.314275   21.22 40.9993 35.9466 6.81767 13.262 3.19914 1.46425 0.747472 1.63775 1.18553 2.10217 1.28789 0.658983 0.595995 0.350701 0.47374 0.321906 0.357356 0.968442 0.288216 0.246496 0.466554 0.0980949 0.179388 0.0909964 0.0454002 0.0341586 0.104116 0.0247205 0.335226   40.6487 18.6897 35.4246 30.5968 5.78202 11.2373 2.71041 1.24097 0.633891 1.39004 1.00718 1.78777 1.09644 0.561629 0.508485 0.299515 0.404996 0.275452 0.306057 0.83011 0.247239 0.211601 0.400774 0.0843158 0.154277 0.0782985 0.0390833 0.0294184 0.0897027 0.31032   12.5325 35.9559 16.2195 30.2691 26.0602 4.9217 9.56458 2.30737 1.05679 0.54005 1.18487 0.858987 1.52559 0.936185 0.479811 0.434647 0.256157 0.346541 0.235806 0.262122 0.711238 0.211915 0.181433 0.343747 0.07234 0.1324 0.0672126 0.0335573 0.0252642 0.343645   13.9475 11.0811 31.1226 13.7971 25.6581 22.0763 4.16901 8.10322 1.95547 0.896009 0.458114 1.00564 0.729464 1.29628 0.795908 0.408136 0.369909 0.218111 0.295207 0.200963 0.22348 0.606616 0.180805 0.154848 0.293464 0.0617747 0.113091 0.057423 0.0286755 0.315349   13.0614 12.3431 9.63128 26.6573 11.7818 21.8976 18.8394 3.55833 6.91849 1.67028 0.765703 0.391697 0.860312 0.624386 1.11016 0.681983 0.349892 0.317271 0.187158 0.25342 0.172584 0.191992 0.521319 0.15543 0.133154 0.252416 0.0531467 0.0973168 0.0494234 0.296196  
 13.8858 11.9145 10.369 9.12494 8.09239 7.21048 6.44057 5.76208 5.16066 4.62641 4.15083 3.72656 3.34711 3.00689 2.70137 2.42675 2.17975 1.95753 1.75764 1.57786 1.41618 1.27082 1.14021 1.02284 0.917397 0.822705 0.737734 0.661459 0.593005 5.13059   14.7629 12.4952 10.7193 9.32589 8.20315 7.27025 6.47277 5.7766 5.16378 4.62163 4.14107 3.71408 3.33371 2.99384 2.68931 2.41594 2.17027 1.94934 1.75059 1.57182 1.41105 1.26645 1.13646 1.01966 0.9147 0.820404 0.735723 0.659735 0.591525 5.11845   15.8174 13.2675 11.2179 9.60778 8.33857 7.31007 6.45171 5.71785 5.08078 4.52544 4.03949 3.61286 3.23653 2.90295 2.60585 2.34016 2.10195 1.88804 1.69575 1.52281 1.36727 1.22741 1.10163 0.98855 0.886948 0.795649 0.713625 0.639965 0.573868 4.9668   16.8421 14.1997 11.8898 10.0253 8.55108 7.37941 6.42368 5.62581 4.94949 4.37133 3.87597 3.44909 3.07869 2.75461 2.46886 2.2152 1.98882 1.7861 1.60419 1.44073 1.29376 1.16159 1.04276 0.935891 0.839824 0.753506 0.675942 0.606258 0.543681 4.70706   17.475 15.0899 12.6717 10.5708 8.88095 7.54723 6.48875 5.62801 4.91359 4.3127 3.80314 3.36952 2.99773 2.67621 2.39544 2.1481 1.92858 1.73262 1.55704 1.39936 1.25756 1.12994 1.01508 0.911715 0.818678 0.734976 0.65971 0.592028 0.531181 4.60319   17.7037 15.6896 13.5174 11.3288 9.43422 7.91368 6.7156 5.76647 4.9965 4.35923 3.82472 3.3725 2.98832 2.65927 2.37486 2.12653 1.90776 1.71353 1.54007 1.38457 1.24485 1.11912 1.00591 0.903956 0.812153 0.729483 0.655071 0.588128 0.527906 4.57994   16.8701 15.8677 14.0073 12.03 10.0579 8.36105 7.0048 5.93968 5.09826 4.41733 3.85488 3.38379 2.98557 2.6474 2.35777 2.10737 1.88861 1.69573 1.52433 1.37111 1.23359 1.10989 0.99846 0.898015 0.807463 0.725848 0.652284 0.586013 0.526345 4.57441   15.4882 15.0861 14.1053 12.3905 10.5996 8.83408 7.32544 6.12569 5.18775 4.45005 3.85547 3.36589 2.95673 2.6113 2.3181 2.06695 1.84969 1.65971 1.49199 1.34274 1.2091 1.08897 0.98074 0.883086 0.794925 0.715333 0.643499 0.578668 0.520194 4.53245   14.048 13.8261 13.3654 12.4193 10.856 9.25139 7.68795 6.36157 5.31261 4.49657 3.8575 3.34418 2.92251 2.57055 2.27354 2.02137 1.80522 1.61801 1.45406 1.30907 1.17979 1.0638 0.959312 0.864985 0.77971 0.702581 0.632825 0.569765 0.512765 4.48304   12.8067 12.5011 12.1777 11.6697 10.7641 9.34994 7.92447 6.55528 5.40562 4.50446 3.80896 3.26791 2.83549 2.4814 2.18632 1.93739 1.72594 1.54449 1.38707 1.24891 1.12645 1.01698 0.918496 0.829555 0.749054 0.676099 0.609961 0.550015 0.495713 4.35388   11.6912 11.3779 10.9776 10.5866 10.057 9.20495 7.94002 6.68887 5.50685 4.52657 3.76584 3.18346 2.7332 2.37483 2.08204 1.83824 1.6325 1.45757 1.30719 1.17646 1.06145 0.959228 0.867588 0.784911 0.710031 0.64207 0.58032 0.524202 0.473222 4.18038   10.7053 10.4089 10.0345 9.59706 9.17774 8.64535 7.84575 6.71267 5.6154 4.59882 3.76754 3.12911 2.64409 2.27113 1.9753 1.73405 1.53329 1.36382 1.2196 1.09548 0.987404 0.892149 0.807315 0.731109 0.662214 0.599691 0.542834 0.49108 0.443965 3.94681   9.9237 9.49356 9.11076 8.68088 8.21394 7.77525 7.25245 6.52218 5.53816 4.60761 3.7612 3.07718 2.55597 2.16211 1.86028 1.62131 1.4265 1.26428 1.12716 1.01026 0.90942 0.821397 0.743606 0.674127 0.61153 0.554775 0.503124 0.45603 0.413054 3.70062   9.38921 8.76083 8.23963 7.78752 7.31645 6.83017 6.38136 5.88057 5.23505 4.41258 3.65492 2.97789 2.43638 2.0264 1.71785 1.48196 1.29534 1.14313 1.01618 0.908622 0.816683 0.737139 0.667474 0.60569 0.550305 0.500222 0.45465 0.413031 0.374961 3.39125   9.28271 8.34385 7.70006 7.1676 6.70641 6.23623 5.76068 5.32756 4.86622 4.3031 3.61133 2.98446 2.42991 1.98877 1.65585 1.40576 1.21476 1.06368 0.940378 0.837424 0.75007 0.675273 0.61044 0.553546 0.502981 0.457555 0.416389 0.378852 0.344504 3.14637   4.39687 8.26731 7.36574 6.73723 6.21227 5.75193 5.28789 4.82863 4.41954 4.00407 3.52095 2.94511 2.43 1.97764 1.61916 1.34918 1.14662 0.991998 0.869692 0.769829 0.686372 0.615484 0.554713 0.501969 0.45562 0.414366 0.377251 0.343568 0.312811 2.88564   5.11497 3.92195 7.31978 6.47118 5.86841 5.35824 4.90712 4.46087 4.0321 3.66069 3.29781 2.88983 2.41282 1.98946 1.6192 1.32635 1.10602 0.940796 0.814699 0.714933 0.633432 0.565269 0.507321 0.457596 0.414396 0.376393 0.342533 0.312035 0.284328 2.64932   5.34689 4.55828 3.46692 6.41487 5.61599 5.03521 4.53879 4.10191 3.684 3.29782 2.97369 2.66756 2.33219 1.94537 1.60388 1.30594 1.07053 0.893489 0.760746 0.659428 0.579237 0.513684 0.458814 0.412123 0.372018 0.337141 0.306427 0.279031 0.25433 2.39337   6.92503 4.78449 4.06032 3.07162 5.64557 4.90155 4.3519 3.88247 3.47518 3.09679 2.75654 2.47647 2.21669 1.93578 1.61392 1.3305 1.08352 0.888456 0.741797 0.631838 0.547907 0.481466 0.427139 0.38165 0.342925 0.309651 0.280701 0.255196 0.232437 2.20645   40.8568 6.21482 4.28396 3.6257 2.73361 5.00335 4.32268 3.81805 3.38979 3.02229 2.68558 2.3861 2.14133 1.9156 1.67244 1.39432 1.14956 0.936301 0.767885 0.641257 0.546312 0.473837 0.416458 0.369533 0.330234 0.296774 0.268016 0.242991 0.22094 2.11194   22.7039 36.6504 5.56025 3.82084 3.22132 2.41715 4.39939 3.77842 3.31901 2.93356 2.60708 2.31177 2.05142 1.83979 1.64541 1.43649 1.19772 0.987647 0.8046 0.660028 0.551316 0.469797 0.407563 0.358285 0.317977 0.284214 0.25546 0.230742 0.209227 2.0092   11.4082 20.3689 32.7946 4.96086 3.39743 2.8528 2.13076 3.85951 3.30011 2.88854 2.54663 2.25957 2.00182 1.77564 1.5923 1.42418 1.24359 1.03715 0.855481 0.697132 0.572036 0.477952 0.407389 0.353512 0.310842 0.275932 0.246683 0.221767 0.200343 1.92671   33.9031 10.2355 18.2298 29.2627 4.40986 3.00571 2.50968 1.86327 3.35621 2.8567 2.49218 2.19243 1.94278 1.71996 1.52514 1.36754 1.22322 1.06826 0.891076 0.735135 0.599182 0.491759 0.410956 0.350348 0.304065 0.267406 0.237409 0.212271 0.190854 1.83094   19.7304 30.4256 9.16448 16.2777 26.0403 3.90761 2.65009 2.20106 1.62612 2.91731 2.47594 2.15592 1.89449 1.67777 1.48496 1.3167 1.18073 1.05627 0.922627 0.769751 0.635169 0.517805 0.425051 0.355273 0.302927 0.26295 0.231281 0.205363 0.183641 1.74945   6.89398 17.7137 27.262 8.1919 14.506 23.1171 3.45319 2.33061 1.92699 1.4184 2.53787 2.15013 1.87025 1.64252 1.45424 1.28702 1.14123 1.02348 0.915727 0.799984 0.667534 0.550908 0.44918 0.368771 0.308272 0.262884 0.228218 0.200753 0.178273 1.67836   7.59548 6.18274 15.8389 24.2999 7.27609 12.8319 20.3558 3.02644 2.03385 1.67588 1.23061 2.19859 1.86121 1.61844 1.42136 1.25865 1.11424 0.988359 0.886709 0.793647 0.693588 0.578957 0.477966 0.38983 0.320139 0.267692 0.228336 0.198271 0.174447 1.61392   12.6714 6.81894 5.53982 14.1568 21.649 6.45535 11.3278 17.874 2.64418 1.76968 1.45385 1.06546 1.90122 1.60837 1.3981 1.22768 1.08713 0.962461 0.85381 0.766089 0.685773 0.59939 0.500389 0.413152 0.337005 0.276786 0.231463 0.197451 0.171467 1.5468   4.82904 11.3285 6.06264 4.89674 12.432 18.8689 5.57912 9.70561 15.1939 2.2336 1.4883 1.21936 0.892313 1.59136 1.34623 1.17062 1.02848 0.911316 0.807359 0.716714 0.643516 0.576429 0.504133 0.421112 0.347886 0.283912 0.23329 0.195173 0.166559 1.45039   3.34898 4.3124 10.0522 5.34264 4.28125 10.7689 16.1734 4.73018 8.1469 12.652 1.8494 1.22792 1.00407 0.734141 1.30908 1.10775 0.963765 0.847305 0.751331 0.666121 0.591771 0.531713 0.476605 0.417096 0.348616 0.288156 0.235286 0.193425 0.161891 1.34217   3.76226 2.98556 3.81432 8.81798 4.64367 3.68186 9.15192 13.5782 3.92733 6.70458 10.3477 1.50681 0.998439 0.815779 0.596478 1.06413 0.901163 0.784745 0.690593 0.612976 0.543987 0.483722 0.435017 0.390257 0.341796 0.285886 0.236463 0.193196 0.158912 1.23685   6.08955 3.3557 2.64337 3.35053 7.67642 4.00022 3.1342 7.6954 11.2896 3.23615 5.48968 8.43913 1.22623 0.811784 0.663194 0.485089 0.865969 0.733934 0.639672 0.563422 0.500535 0.444574 0.395639 0.35607 0.319657 0.280145 0.234461 0.194035 0.158611 1.14686   11.7059 5.43966 2.97963 2.33124 2.93102 6.6495 3.42586 2.65233 6.4409 9.36535 2.66749 4.50654 6.91153 1.00311 0.663819 0.542358 0.396846 0.708801 0.601081 0.524203 0.462001 0.410678 0.364972 0.324973 0.292619 0.262817 0.23043 0.19293 0.159723 1.07526   3.63139 10.4695 4.84119 2.6364 2.04782 2.55159 5.72776 2.91811 2.23582 5.38365 7.78031 2.20721 3.72015 5.69838 0.826606 0.546967 0.446963 0.327149 0.584545 0.495919 0.432679 0.381499 0.339258 0.301617 0.268658 0.241992 0.217415 0.190677 0.159688 1.02263   12.6104 3.24832 9.31985 4.28529 2.31752 1.78475 2.2016 4.89004 2.46695 1.87512 4.4892 6.46352 1.82963 3.08026 4.71608 0.684087 0.452754 0.370102 0.271003 0.484437 0.411173 0.358896 0.316577 0.281635 0.25048 0.223187 0.201098 0.180726 0.158544 0.983504   3.38823 11.2768 2.89039 8.24315 3.76147 2.01483 1.53416 1.86982 4.10676 2.0529 1.55008 3.69491 5.30604 1.49987 2.52347 3.86295 0.560397 0.370991 0.303371 0.222227 0.397406 0.337437 0.294648 0.259998 0.23138 0.205849 0.183473 0.165359 0.148645 0.939693   3.70911 3.02833 10.0238 2.5529 7.22407 3.26492 1.72934 1.30128 1.56868 3.41478 1.69609 1.27535 3.03266 4.34958 1.2289 2.06753 3.16577 0.459441 0.304302 0.248964 0.182466 0.326466 0.277336 0.242278 0.213878 0.190412 0.169464 0.151093 0.136218 0.896996   6.21227 3.3191 2.69162 8.816 2.21077 6.14771 2.74085 1.44054 1.08012 1.30031 2.82971 1.40572 1.05743 2.51576 3.61028 1.02064 1.71817 2.63241 0.382258 0.253322 0.207366 0.152055 0.272185 0.231326 0.202167 0.178537 0.159004 0.141556 0.126248 0.863732   10.2231 5.56245 2.95393 2.37295 7.66478 1.89217 5.19769 2.30121 1.20561 0.902872 1.08663 2.36503 1.1753 0.884505 2.10542 3.02303 0.855079 1.44024 2.20773 0.320749 0.212662 0.17416 0.12776 0.228786 0.194513 0.170053 0.150223 0.133826 0.119173 0.833798   4.65196 9.16108 4.95859 2.6112 2.07139 6.59596 1.61024 4.39522 1.94024 1.01535 0.760161 0.914948 1.9919 0.990218 0.745513 1.7753 2.55011 0.72161 1.21592 1.8646 0.270999 0.179739 0.147247 0.10805 0.193546 0.164595 0.143932 0.127177 0.113318 0.807206   18.3814 4.16895 8.16731 4.38338 2.27898 1.78179 5.60963 1.36061 3.70278 1.63267 0.85412 0.639495 0.769898 1.67667 0.83382 0.628009 1.49608 2.14987 0.608584 1.02585 1.57368 0.228792 0.151793 0.124388 0.0913013 0.163585 0.139148 0.121705 0.107558 0.778767   8.05089 16.4633 3.71257 7.20897 3.81893 1.95661 1.51233 4.73037 1.14392 3.10957 1.37075 0.717204 0.537167 0.646989 1.40969 0.701408 0.528554 1.2598 1.81123 0.512969 0.86507 1.32761 0.193096 0.128159 0.105058 0.077138 0.13825 0.11763 0.10291 0.749762   7.77827 7.20728 14.644 3.26845 6.24944 3.25325 1.64414 1.26095 3.92997 0.949052 2.5789 1.13694 0.595062 0.445878 0.537295 1.17128 0.583083 0.439611 1.04832 1.50791 0.427257 0.720836 1.1067 0.161026 0.106911 0.0876688 0.0643892 0.115433 0.0982405 0.712415   21.5598 6.9673 6.41875 12.9202 2.8433 5.3501 2.75034 1.38008 1.05495 3.28373 0.792714 2.15424 0.949979 0.497393 0.37285 0.44949 0.980301 0.488224 0.368251 0.878513 1.26415 0.358321 0.604742 0.928766 0.135176 0.0897737 0.0736347 0.0540945 0.0969977 0.681434   6.57409 19.3047 6.20051 5.65745 11.2258 2.43077 4.51635 2.30508 1.15283 0.880126 2.7387 0.661223 1.7975 0.793015 0.415412 0.311556 0.375793 0.819993 0.40859 0.308333 0.735909 1.0594 0.300409 0.507196 0.77923 0.113449 0.075367 0.061835 0.0454376 0.654128   4.91232 5.8865 17.1779 5.46084 4.90532 9.56172 2.04177 3.76358 1.91385 0.955795 0.729402 2.26982 0.548166 1.49073 0.657951 0.344815 0.258726 0.31221 0.681553 0.33975 0.256488 0.6124 0.881916 0.250163 0.422494 0.649284 0.0945552 0.0628304 0.0515607 0.583547   6.00925 4.39975 5.24032 15.1322 4.73276 4.17252 8.01466 1.69714 3.1162 1.58219 0.789768 0.602687 1.87584 0.45315 1.23274 0.544277 0.285343 0.214178 0.258543 0.564584 0.281531 0.2126 0.507755 0.731409 0.207521 0.350556 0.538842 0.0784867 0.0521622 0.527425   3.70546 5.38441 3.92039 4.62491 13.1591 4.04645 3.52025 6.71061 1.41601 2.59637 1.31767 0.657726 0.502013 1.56292 0.377676 1.02776 0.453928 0.238056 0.178743 0.215835 0.471463 0.235162 0.177632 0.424344 0.611398 0.173508 0.293156 0.450693 0.0656578 0.484985   5.25963 3.32169 4.80238 3.4657 4.03233 11.2919 3.42911 2.96198 5.62774 1.18593 2.17356 1.10305 0.550671 0.420395 1.30916 0.31644 0.86136 0.380539 0.199622 0.149923 0.181079 0.395636 0.197383 0.149125 0.356313 0.513468 0.14574 0.246277 0.378673 0.462754   4.85696 4.71405 2.96143 4.24192 3.01721 3.45249 9.54232 2.87622 2.47581 4.69745 0.989444 1.81336 0.920385 0.459583 0.350949 1.0932 0.264317 0.719684 0.318037 0.166879 0.125364 0.151453 0.330981 0.165162 0.124806 0.29826 0.429882 0.122034 0.206246 0.704796   7.89674 4.35405 4.20473 2.61827 3.6992 2.58992 2.92696 8.03267 2.41324 2.07454 3.93442 0.828691 1.51895 0.771125 0.38515 0.29419 0.91665 0.22169 0.603782 0.266886 0.140074 0.105252 0.127183 0.277998 0.138749 0.104865 0.250646 0.361309 0.102582 0.765981   10.6731 7.08032 3.88522 3.72075 2.28701 3.18333 2.20276 2.47283 6.76536 2.02998 1.74437 3.30815 0.696879 1.27762 0.648773 0.324126 0.247645 0.771832 0.186716 0.508655 0.224892 0.11806 0.0887298 0.107239 0.234449 0.117034 0.0884672 0.211482 0.304895 0.733107   4.98256 9.57094 6.31987 3.44011 3.25353 1.97129 2.71306 1.8653 2.08775 5.70501 1.71116 1.47037 2.78889 0.587617 1.07757 0.547328 0.273516 0.209032 0.651653 0.157681 0.42966 0.190008 0.0997682 0.0749966 0.0906577 0.198231 0.0989693 0.0748225 0.178888 0.87819   5.73152 4.46543 8.53213 5.58247 2.99589 2.78763 1.66753 2.27832 1.56112 1.74494 4.7662 1.42954 1.22859 2.33089 0.491261 0.901154 0.457866 0.228881 0.174974 0.545637 0.132066 0.359956 0.159222 0.0836229 0.0628736 0.0760184 0.166251 0.0830171 0.0627721 0.887051   2.21071 5.13551 3.97853 7.52655 4.84867 2.55601 2.34516 1.39165 1.89434 1.29607 1.44797 3.95484 1.18637 1.01984 1.93539 0.408026 0.748697 0.380519 0.190272 0.145499 0.453846 0.109876 0.299549 0.132532 0.0696195 0.0523549 0.0633117 0.138484 0.0691621 0.791502   3.74486 1.98086 4.57571 3.50976 6.53736 4.13675 2.15025 1.95709 1.15705 1.57263 1.07543 1.20141 3.28189 0.984724 0.846732 1.60735 0.338968 0.622165 0.316301 0.158205 0.121009 0.377551 0.0914269 0.249306 0.110325 0.0579649 0.0435981 0.0527307 0.115357 0.717104   7.04646 3.35682 1.76663 4.04549 3.06168 5.61565 3.51081 1.81236 1.6443 0.97089 1.31908 0.902038 1.00787 2.75388 0.826536 0.710929 1.34997 0.284778 0.522858 0.265891 0.133028 0.101778 0.317627 0.0769333 0.209829 0.0928731 0.0488047 0.0367143 0.0444116 0.701302   24.6414 6.31566 2.99327 1.56174 3.5293 2.63094 4.7687 2.96122 1.52388 1.38087 0.815043 1.10736 0.757405 0.846506 2.31372 0.694662 0.597705 1.13536 0.239585 0.440022 0.223834 0.112019 0.0857273 0.267603 0.0648321 0.176862 0.0782972 0.0411526 0.030963 0.629077   10.6401 21.9341 5.53891 2.58185 1.33345 3.00067 2.23338 4.04582 2.51195 1.29275 1.17164 0.691731 0.94013 0.643255 0.719204 1.96655 0.590665 0.508424 0.966135 0.20395 0.374707 0.190673 0.0954525 0.0730707 0.228156 0.0552892 0.150864 0.0668018 0.0351175 0.56343   47.3734 9.45634 19.1749 4.75503 2.19176 1.12654 2.5303 1.88193 3.40851 2.11646 1.08953 0.987872 0.583535 0.793535 0.543283 0.607809 1.66301 0.499805 0.430474 0.818487 0.172878 0.317786 0.161788 0.0810296 0.0620562 0.193841 0.0469906 0.128263 0.0568117 0.509299   46.5248 42.0982 8.26889 16.4787 4.04236 1.85423 0.951126 2.13457 1.58726 2.87523 1.78603 0.919952 0.834693 0.493433 0.671561 0.460164 0.515257 1.41096 0.424401 0.365818 0.696073 0.147126 0.270629 0.137865 0.0690881 0.0529391 0.165444 0.0401248 0.109567 0.483927   21.22 41.3857 36.9047 7.13712 14.085 3.43974 1.57478 0.807137 1.81104 1.3469 2.44083 1.51709 0.781991 0.710091 0.420135 0.572307 0.392503 0.43988 1.20558 0.362923 0.31307 0.596147 0.126093 0.23209 0.118303 0.0593182 0.0454762 0.142188 0.0344994 0.510639   40.6487 18.8947 36.3804 32.0163 6.13967 12.067 2.94132 1.34548 0.689461 1.5473 1.15131 2.08785 1.29881 0.67011 0.609112 0.360765 0.491949 0.33774 0.378887 1.03942 0.313191 0.270405 0.515325 0.109081 0.20092 0.102482 0.0514166 0.0394403 0.123379 0.473431   12.5325 36.2495 16.6512 31.6506 27.6318 5.2802 10.3629 2.52452 1.15464 0.591727 1.3283 0.988729 1.79383 1.11647 0.576343 0.524172 0.31063 0.423816 0.29112 0.326756 0.896845 0.270356 0.233524 0.44522 0.0942773 0.173713 0.0886337 0.0444816 0.0341299 0.516674   13.9475 11.1668 31.8795 14.4357 27.1974 23.6528 4.51295 8.85187 2.15607 0.986212 0.505537 1.13524 0.845396 1.53454 0.955595 0.493567 0.449134 0.266305 0.363531 0.249836 0.280554 0.770386 0.232334 0.200762 0.3829 0.0811086 0.149496 0.0762995 0.0383018 0.474493   13.0614 12.4443 9.85222 27.7868 12.4877 23.4488 20.3651 3.88356 7.61627 1.85528 0.848833 0.435271 0.977872 0.728559 1.32314 0.824388 0.426025 0.387876 0.230101 0.314263 0.216078 0.242753 0.666863 0.201192 0.173914 0.331806 0.070307 0.129624 0.0661742 0.444938  
#FSHRY_WT_KG - Fishery weight at age (in kg) females (first) males (second), only one fishery
 1.1289 1.5716 2.0231 2.4639 2.8806 3.2653 3.614 3.9258 4.2014 4.4427 4.6527 4.8342 4.9903 5.1242 5.2385 5.336 5.4188 5.4891 5.5486 5.599 5.6416 5.6775 5.7079 5.7335 5.755 5.7732 5.7885 5.8014 5.8122 5.8455
 1.0695 1.4409 1.7768 2.0663 2.3077 2.5044 2.6622 2.7872 2.8854 2.962 3.0214 3.0674 3.1029 3.1302 3.1511 3.1672 3.1796 3.189 3.1963 3.2018 3.2061 3.2093 3.2118 3.2137 3.2152 3.2163 3.2171 3.2178 3.2183 3.2193
 1.1289 1.5716 2.0231 2.4639 2.8806 3.2653 3.614 3.9258 4.2014 4.4427 4.6527 4.8342 4.9903 5.1242 5.2385 5.336 5.4188 5.4891 5.5486 5.599 5.6416 5.6775 5.7079 5.7335 5.755 5.7732 5.7885 5.8014 5.8122 5.8455
 1.0695 1.4409 1.7768 2.0663 2.3077 2.5044 2.6622 2.7872 2.8854 2.962 3.0214 3.0674 3.1029 3.1302 3.1511 3.1672 3.1796 3.189 3.1963 3.2018 3.2061 3.2093 3.2118 3.2137 3.2152 3.2163 3.2171 3.2178 3.2183 3.2193

#SELECTIVITY - Estimated fixed gear fishery selectivity, females first, males next
 0.102553 0.549217 0.928521 0.992832 0.999323 0.999936 0.999994 0.999999 1 1 1 1 1 1 1 1 1 1 1 1 1 1 1 1 1 1 1 1 1 1
 0.178545 0.431255 0.725671 0.902232 0.969874 0.991175 0.997454 0.999269 0.99979 0.99994 0.999983 0.999995 0.999999 1 1 1 1 1 1 1 1 1 1 1 1 1 1 1 1 1
#SELECTIVITY - Estimated trawl gear fishery selectivity, females first, males next
 0.505116 0.743894 0.883188 0.960025 0.994303 0.998795 0.98236 0.951388 0.910588 0.863467 0.812643 0.760073 0.707202 0.65509 0.604498 0.555955 0.509814 0.46629 0.425495 0.387464 0.352171 0.319549 0.2895 0.261905 0.236633 0.213542 0.192492 0.173338 0.155941 0.140165
 0.25195 0.485026 0.669466 0.806373 0.901425 0.961215 0.992117 0.999883 0.989523 0.965302 0.930793 0.888945 0.842165 0.792388 0.741157 0.689676 0.638873 0.589444 0.541899 0.496594 0.45376 0.413535 0.375974 0.341079 0.3088 0.27906 0.251752 0.226756 0.203941 0.183169
#SURVEYDESC
GOA_trawl_survey
#SURVEYMULT
1000
#GOA_trawl_survey - Gulf of Alaska survey biomass (Year, Obs_biomass) 
 1990 1993 1996 1999 2003 2005 2007 2009 2011 2013 2015 2017 2019 2021 2023
 213.882 249.511 144.808 103.766 189.184 178.83 110.642 107.175 84.2911 59.5061 66.6856 119.328 210.743 291.146 141.765
#SURVEYDESC
AK_LL_survey_cooperative
#SURVEYMULT
1000
#AK Longline survey - cooperative with Japanese relative population numbers 
 1979 1980 1981 1982 1983 1984 1985 1986 1987 1988 1989 1990 1991 1992 1993 1994
 413 387 458 613 621 685 903 838 667 707 661 449 386 402 395 366
#SURVEYDESC
AK_LL_survey
#SURVEYMULT
1000
#AK Longline survey - relative population numbers 
 1990 1991 1992 1993 1994 1995 1996 1997 1998 1999 2000 2001 2002 2003 2004 2005 2006 2007 2008 2009 2010 2011 2012 2013 2014 2015 2016 2017 2018 2019 2020 2021 2022 2023
 641.803 579.828 498.755 549.81 477.28 488.554 507.424 477.683 474.721 527.381 456.419 534.668 550.862 517.481 540.429 541.998 570.648 508.653 461.207 414.79 458.805 555.539 444.57 420.521 484.357 385.812 495.308 562.035 611.082 899.867 1187 1298.07 1516.87 1524.15
#SURVEYDESC
AK_LL_fishery CPUE
#SURVEYMULT
1000
#AK Longline fishery CPUE - relative population weight 
 1995 1996 1997 1998 1999 2000 2001 2002 2003 2004 2005 2006 2007 2008 2009 2010 2011 2012 2013 2014 2015 2016 2017 2018 2019 2020 2021 2022
 0.34843 0.336045 0.374605 0.334713 0.326743 0.331525 0.307588 0.324647 0.34671 0.334852 0.360167 0.299986 0.306709 0.323515 0.281037 0.257529 0.250101 0.267727 0.215136 0.214047 0.192787 0.167969 0.190663 0.172276 0.186275 0.195058 0.267363 0.368288
#STOCKNOTES
"SAFE report indicates that this stock was not subjected to overfishing in 2023 and is neither overfished nor approaching a condition of being overfished in 2024."
"A full assessment was undertaken in 2024 using  model 23.5."
