#ASSESSMENT_SUMMARY -------------------------------------------------------------------------------------------------
#STOCK  
"SABLE"
#STOCK_NAME
"Sablefish - Eastern Bering Sea / Aleutian Islands / Gulf of Alaska"
#REGION
"AK"
#ASMT_TYPE
"Operational"
#ASMT_YEAR
2024
#ASMT_MONTH
"Dec"
#TIER
"3a"
#NUM_SEXES
2
#NUM_FISHERIES
2
#REC_MULT
1000000
#RECAGE
2
#COMPLEX
"NA"
#LAST_DATA_YEAR
2024
#ASMT_MODEL_CATEGORY
"6 - Statistical Catch-at-Age"
#ASMT_MODEL
"Custom SCAA: Custom Statistical Catch-at-Age"
#MODEL_VERSION
"23.5"
#ENSEMBLE
"NA"
#LEAD_LAB
"AFSC"
#POC_EMAIL
"daniel.goethel@noaa.gov"
#REVIEW_RESULT
"Full acceptance"
#CATCH_INPUT_DATA
5
#ABUNDANCE_INPUT_DATA
4
#BIOLOGICAL_INPUT_DATA
4
#SIZEAGE_COMP_INPUT_DATA
4
#ECOSYSTEM_LINKAGE
2
#FISHING_MORTALITY_ESTIMATES ----------------------------------------------------------------------------------------
#F_YEAR
2023
#F_BASIS
"F for Fully-Selected Fish"
#F_UNIT
"Fully-Selected F"
#BEST_F_ESTIMATE
0.0451393
#F_LIMIT
!!!!!REPLACE WITH F SIS VALUE FROM SPREADSHEET
#F_LIMIT_BASIS
"F from 2023 asmt corresponding to specified 2022 OFL"
#F_MSY
0.101531
#F_MSY_BASIS
"F35% as proxy"
#BIOMASS_ESTIMATES --------------------------------------------------------------------------------------------------
#B_YEAR
2024
#B_BASIS
"Mature Female Biomass"
#B_UNIT
"Metric tons"
#BEST_B_ESTIMATE
189344
#LOWER_B_ESTIMATE
!!!!REPLACE WITH LOW 2.5% SSB FROM MCMC
#UPPER_B_ESTIMATE
!!!!!REPLACE WITH high 97.5% SSB FROM MCMC
#ESTIMATE_METHOD
"Credible"
#INTERVAL_SIZE
95
#B_MSY
!!!!Replace with B_35 from Summary Table
#B_MSY_BASIS
"B35%"
#TIME_SERIES_ESTIMATES ----------------------------------------------------------------------------------------------
#FISHERYYEAR
 1960 1961 1962 1963 1964 1965 1966 1967 1968 1969 1970 1971 1972 1973 1974 1975 1976 1977 1978 1979 1980 1981 1982 1983 1984 1985 1986 1987 1988 1989 1990 1991 1992 1993 1994 1995 1996 1997 1998 1999 2000 2001 2002 2003 2004 2005 2006 2007 2008 2009 2010 2011 2012 2013 2014 2015 2016 2017 2018 2019 2020 2021 2022 2023 2024
#AGE
 2 3 4 5 6 7 8 9 10 11 12 13 14 15 16 17 18 19 20 21 22 23 24 25 26 27 28 29 30 31
#RECRUITMENT
 27.7716 29.5258 31.6348 33.6842 34.95 35.4075 33.7402 30.9764 28.0961 25.6134 23.3824 21.4105 19.8474 18.7784 18.5654 8.79373 10.2299 10.6938 13.8501 81.7137 45.4077 22.8165 67.8062 39.4607 13.788 15.191 25.3427 9.65808 6.69796 7.52452 12.1791 23.4119 7.26277 25.2207 6.77645 7.41821 12.4245 20.4462 9.30391 36.7628 16.1018 15.5565 43.1196 13.1482 9.82463 12.0185 7.41092 10.5193 9.71393 15.7935 21.3462 9.96512 11.463 4.42142 7.48973 14.0929 49.2828 21.2801 94.7468 93.0497 42.44 81.2974 25.065 27.895 26.1227
#SPAWNBIOMASS
 277644 277234 270338 258858 254533 256074 258695 259480 259770 254953 247028 236821 223239 203850 190222 176329 164033 150245 141081 138003 134580 133703 136003 144569 159277 176906 194173 202581 202586 194492 182133 168433 154789 141902 128814 118010 110540 105358 101458 98010.3 94914.7 91902.3 91532.2 92767 94826.8 97335.4 100432 103106 103588 102196 99447.4 96052.8 92008.3 88159.2 85262.2 83783.7 82606.5 81973.2 82175.5 85386.4 93628.2 109277 131833 159160 189344
#TOTALBIOMASS
 685144 690816 686828 676863 680222 695338 707764 709915 704377 683061 652736 618986 577676 526200 492109 450758 414767 377456 355360 420946 462964 485354 550683 592445 603367 603574 607054 575877 530178 478621 434488 409451 376268 365929 339242 314235 297169 292918 281910 301162 304225 303948 334543 337250 331150 322712 308206 295711 281232 274694 277412 271442 264995 249609 236003 231572 267958 284264 378785 486728 547561 641959 674976 691636 698215
#TOTFSHRYMORT
 0.00652719 0.0342229 0.0578343 0.0378392 0.0161991 0.0185764 0.0328241 0.0399352 0.0655895 0.0803031 0.0869419 0.105456 0.139245 0.105941 0.107567 0.100686 0.11662 0.0849787 0.04273 0.0488157 0.0413096 0.0486955 0.0434145 0.0392207 0.0417724 0.0425381 0.0770977 0.0950556 0.108701 0.107675 0.10062 0.0920128 0.0876442 0.0978469 0.098196 0.0835154 0.0750205 0.0674345 0.0682928 0.0703122 0.0826411 0.0754425 0.076989 0.0833323 0.0862592 0.0783403 0.0730875 0.0765063 0.0725928 0.0686572 0.0661493 0.0751675 0.0819617 0.082011 0.0711614 0.0703323 0.0593538 0.0662198 0.0650885 0.0591573 0.0523674 0.0477559 0.0525641 0.0451393 0.0395354
#TOTALCATCH
 3114.11 16149.9 26491.5 16928.1 7309.97 8661.47 15489 19029.7 30687.9 36395.5 37475.8 43251.6 52839 36985.8 34948.7 30409.3 32543.2 21974.9 10557 12156.6 10628.1 12833.1 12325 12046.6 14437.7 14987.4 29341.3 35660.2 39232.5 36179.5 31130.9 26325.3 23133.5 23922.4 22161.4 19407.9 16661 14332.4 13861.2 13906.9 16171.3 14877.8 15878.8 17715.2 18870.2 17816.7 16766.7 17151 15598.2 14045.2 12958.3 14211.4 15159.9 14934.9 12657.7 12099 11309.3 13567.1 15549.4 17840 20009.2 22199.7 27758.5 25711.9 23170.9
#SURVEYDESC
GOA_trawl_survey; AK Cooperative Longline survey; AK US Longline survey; AK Longline fishery CPUE
#STOCKNOTES
"SAFE report indicates that this stock was not subjected to overfishing in 2023 and is neither overfished nor approaching a condition of being overfished in 2024."
"A full assessment was undertaken in 2024 using  model 23.5."
#SURVEY_ESTIMATES [OPTIONAL] ------------------------------------------------------------------------------------------
#GOA_trawl_survey
 1990 1993 1996 1999 2003 2005 2007 2009 2011 2013 2015 2017 2019 2021 2023
 213.882 249.511 144.808 103.766 189.184 178.83 110.642 107.175 84.2911 59.5061 66.6856 119.328 210.743 291.146 141.765
#AK Cooperative Longline survey
 1979 1980 1981 1982 1983 1984 1985 1986 1987 1988 1989 1990 1991 1992 1993 1994
 413 387 458 613 621 685 903 838 667 707 661 449 386 402 395 366
#AK US Longline survey
 1990 1991 1992 1993 1994 1995 1996 1997 1998 1999 2000 2001 2002 2003 2004 2005 2006 2007 2008 2009 2010 2011 2012 2013 2014 2015 2016 2017 2018 2019 2020 2021 2022 2023
 641.803 579.828 498.755 549.81 477.28 488.554 507.424 477.683 474.721 527.381 456.419 534.668 550.862 517.481 540.429 541.998 570.648 508.653 461.207 414.79 458.805 555.539 444.57 420.521 484.357 385.812 495.308 562.035 611.082 899.867 1187 1298.07 1516.87 1524.15
#AK Longline fishery CPUE
 1995 1996 1997 1998 1999 2000 2001 2002 2003 2004 2005 2006 2007 2008 2009 2010 2011 2012 2013 2014 2015 2016 2017 2018 2019 2020 2021 2022
 0.34843 0.336045 0.374605 0.334713 0.326743 0.331525 0.307588 0.324647 0.34671 0.334852 0.360167 0.299986 0.306709 0.323515 0.281037 0.257529 0.250101 0.267727 0.215136 0.214047 0.192787 0.167969 0.190663 0.172276 0.186275 0.195058 0.267363 0.368288
